F 1 3
1 0 0.908290 789.7500 268.6250 1279.8750 710.7500
2 72 0.687631 240.2500 114.1250 761.2500 708.2500
3 68 0.304042 694.8750 162.7500 1265.7500 706.0000
F 2 3
1 0 0.899478 793.1953 267.1064 1284.7820 710.7500
2 72 0.720171 239.8626 113.7996 761.0950 708.2500
3 68 0.159216 698.5013 165.7872 1269.3912 708.8203
F 3 3
1 0 0.895890 790.9593 267.0408 1282.3192 710.5554
2 72 0.796925 242.2509 112.5748 764.4591 707.8603
3 68 0.295840 695.7773 165.5277 1266.2452 707.9388
F 4 3
1 0 0.915810 789.3764 266.1900 1281.2181 710.2080
2 72 0.808068 239.8845 110.0989 764.0659 707.5473
3 68 0.414899 692.6519 161.2852 1267.3967 707.8015
F 5 3
1 0 0.926302 787.2732 266.1154 1279.4657 710.3777
2 72 0.783988 237.3499 109.5199 761.4440 707.0880
3 69 0.302392 695.9200 166.8939 1265.5042 707.9398
F 6 3
1 0 0.915810 786.4667 265.3975 1280.3064 711.3373
2 72 0.743169 236.7435 107.0632 762.7960 707.3024
3 68 0.220007 698.6508 177.3886 1260.0033 709.6048
F 7 3
1 0 0.923039 786.1199 266.5619 1279.1016 711.6736
2 72 0.800692 234.7690 108.3529 759.4025 707.3895
3 69 0.249447 698.4817 182.6465 1255.9905 710.3536
F 8 3
1 0 0.920221 786.8694 266.8261 1279.2516 711.4418
2 72 0.663669 235.7347 105.7783 762.2292 707.2563
3 69 0.235111 699.1862 184.7888 1256.4866 711.4663
F 9 3
1 0 0.931461 787.1260 268.1205 1278.9650 712.2017
2 72 0.627952 233.1258 103.5222 761.4292 707.7233
3 68 0.209470 701.1645 184.8958 1260.2423 712.1863
F 10 3
1 0 0.942504 786.9600 268.5967 1278.2399 711.9672
2 72 0.535099 232.4002 102.7408 761.6024 708.2371
3 69 0.138931 702.3360 183.8695 1263.7511 712.0839
F 11 3
1 0 0.932453 787.3029 269.1024 1278.0308 711.7874
2 72 0.609524 231.9512 105.1887 759.6273 708.7644
3 69 0.214034 701.6317 184.5201 1264.7480 713.0325
F 12 3
1 0 0.926568 787.6453 269.1140 1277.9457 711.2116
2 72 0.611382 232.1359 104.6486 760.4211 708.5408
3 69 0.246534 703.8292 187.4841 1265.7394 713.3630
F 13 3
1 0 0.930960 787.4988 269.1920 1278.2212 711.5779
2 72 0.668880 233.4238 105.3102 762.2110 708.7866
3 69 0.207536 703.2034 187.0819 1266.5239 713.4623
F 14 3
1 0 0.929948 786.9687 269.6292 1277.5770 711.4638
2 72 0.685950 233.5384 107.5831 761.0377 708.9590
3 68 0.100875 702.5859 187.9393 1264.5815 712.3113
F 15 3
1 0 0.925499 787.5416 269.4523 1278.3345 711.4186
2 72 0.715424 233.2090 105.2967 761.9847 708.1883
3 69 0.218003 704.3106 189.0644 1267.2875 713.3625
F 16 3
1 0 0.933916 787.7538 269.2945 1278.5620 711.1510
2 72 0.746140 232.7481 108.7608 758.7151 708.2281
3 69 0.205615 702.7996 187.7171 1268.1068 713.0785
F 17 3
1 0 0.927623 787.4419 269.0626 1279.0551 711.6300
2 72 0.718594 234.5887 106.5127 762.6270 708.4094
3 68 0.117572 700.4805 187.6523 1265.4059 711.9629
F 18 3
1 0 0.937214 786.0626 267.7284 1279.0238 711.4786
2 72 0.803174 234.5476 104.5972 764.8432 708.8080
3 69 0.165593 701.0220 186.9160 1268.4299 712.3624
F 19 3
1 0 0.941438 784.7426 266.8099 1278.5830 711.1717
2 72 0.823327 231.8407 100.7460 764.2373 708.1309
3 69 0.160265 702.2331 187.0564 1270.0433 711.3478
F 20 3
1 0 0.929693 784.7138 267.9545 1277.7155 711.0551
2 72 0.837621 231.1007 99.3111 764.3795 708.2034
3 69 0.234409 701.7318 187.0754 1270.6790 711.2915
F 21 3
1 0 0.941653 782.8746 267.6476 1276.7552 710.8459
2 72 0.793106 229.4042 98.6353 762.4731 708.2314
3 69 0.178956 700.3486 186.9291 1271.2587 711.9318
F 22 3
1 0 0.929948 783.6281 267.4503 1278.1141 711.0989
2 72 0.793106 232.0373 101.2198 762.3656 707.7472
3 69 0.166134 699.8967 187.0553 1271.4683 711.8408
F 23 3
1 0 0.926568 783.3941 266.1385 1279.7522 711.7740
2 72 0.740176 230.5286 99.4187 761.8738 708.0607
3 69 0.281406 697.7006 184.1021 1273.3070 711.8032
F 24 3
1 0 0.929948 783.0087 267.4622 1278.0444 711.4509
2 72 0.826710 230.6210 100.0807 760.7920 708.1802
3 69 0.162379 695.9841 184.0056 1271.9055 711.6217
F 25 3
1 0 0.942926 781.4867 266.6480 1277.2150 710.7471
2 72 0.785308 229.8483 93.6653 765.0894 709.2170
3 72 0.130284 697.0822 184.2935 1270.5258 708.9077
F 26 3
1 0 0.942080 780.7328 265.8478 1277.5166 710.5646
2 72 0.738670 232.6138 97.6012 763.9915 708.6202
3 72 0.138464 697.2620 182.4926 1272.3126 708.0484
F 27 3
1 0 0.932699 781.6196 267.4502 1277.4762 710.9108
2 72 0.821044 233.4155 100.8054 761.7614 708.3876
3 72 0.132514 698.4080 184.7048 1271.0801 707.0754
F 28 3
1 0 0.937899 782.2414 266.4913 1279.1014 710.9614
2 72 0.804406 233.7568 99.3018 763.5259 709.1263
3 72 0.235111 697.8572 185.3765 1271.4272 708.2130
F 29 3
1 0 0.937443 780.2346 265.6359 1278.5028 711.0639
2 72 0.737159 230.2536 92.7216 764.6011 708.5776
3 68 0.115165 698.0091 184.2984 1274.0065 708.9842
F 30 3
1 0 0.930203 781.7506 268.2881 1278.3228 712.0109
2 72 0.791821 233.6014 98.8085 763.2106 708.6970
3 72 0.212069 698.4362 185.5358 1272.8691 708.2918
F 31 3
1 0 0.930960 783.8006 268.3051 1279.7728 711.7072
2 72 0.734120 237.9580 100.1788 767.1365 709.0728
3 68 0.161319 699.7985 187.4889 1273.1271 708.6972
F 32 3
1 0 0.940790 781.7462 265.8274 1280.0936 711.4241
2 72 0.785308 232.2745 95.8232 765.3356 710.0392
3 69 0.119200 696.6438 185.6485 1273.7356 710.3464
F 33 3
1 0 0.938126 779.9440 265.1401 1278.9304 711.0684
2 72 0.787931 233.4064 97.2384 764.4091 709.0821
3 69 0.120027 696.7199 185.1102 1275.6613 710.9681
F 34 3
1 0 0.935585 781.7590 267.9406 1278.5554 711.5934
2 72 0.783988 240.3112 102.9208 767.4943 708.8771
3 72 0.120027 694.5118 182.8380 1274.0850 709.0549
F 35 3
1 0 0.944789 781.3345 265.9463 1279.7869 711.2962
2 72 0.795658 236.2104 99.6047 766.2383 708.7981
3 72 0.227471 694.1898 182.8854 1272.7205 708.1628
F 36 3
1 0 0.938577 780.8002 263.9578 1281.5374 711.9261
2 72 0.801936 234.8070 99.6772 764.3666 708.2729
3 68 0.155076 695.5959 182.4142 1275.1462 708.1602
F 37 3
1 0 0.940573 780.8589 266.8375 1278.2325 711.1749
2 72 0.763481 234.0994 99.5420 763.6536 708.0744
3 69 0.162912 695.3304 186.6186 1274.3876 711.3033
F 38 3
1 0 0.933189 781.4937 266.1234 1280.0050 711.7975
2 72 0.808068 235.5136 101.4761 764.5950 708.6627
3 69 0.144633 696.1827 186.5579 1274.6320 710.3455
F 39 3
1 0 0.940354 779.5202 264.5350 1279.5054 711.3708
2 72 0.786623 232.9289 97.7416 764.6808 708.5562
3 69 0.113583 693.1375 184.5398 1275.2787 711.7963
F 40 3
1 0 0.924145 780.6036 264.1035 1280.9541 711.7030
2 72 0.798187 235.4649 95.5107 769.3640 709.1756
3 69 0.247988 693.2586 183.8974 1275.6544 711.3490
F 41 3
1 0 0.941438 780.5894 264.1143 1280.8615 711.9109
2 72 0.793106 236.1033 98.6333 767.1727 708.9155
3 69 0.156618 695.0844 186.3775 1274.8481 711.1709
F 42 3
1 0 0.936521 781.4532 265.3658 1280.0382 711.6580
2 72 0.803174 233.6550 100.4981 762.4724 708.8146
3 72 0.110474 692.4292 182.5600 1274.7479 709.6086
F 43 3
1 0 0.942715 780.4160 265.0201 1280.3459 712.6350
2 72 0.783988 234.2215 96.9012 766.2347 708.7757
3 72 0.118383 694.7325 184.1742 1274.2155 708.1943
F 44 3
1 0 0.936288 779.9201 265.9651 1278.2570 711.6811
2 72 0.801936 235.8734 99.8359 766.1367 708.9256
3 69 0.105578 697.0652 186.9458 1276.2877 710.3100
F 45 3
1 0 0.932944 781.0438 266.6567 1278.3088 711.1501
2 72 0.821044 236.1771 99.4703 767.4090 708.6513
3 72 0.104110 695.8872 184.6788 1275.0676 708.1346
F 46 3
1 0 0.935349 780.6652 265.9232 1279.2245 711.5294
2 72 0.822188 234.1514 99.3307 765.1416 708.7128
3 69 0.117977 694.7774 186.6677 1273.0283 709.1337
F 47 3
1 0 0.939247 781.1566 264.7364 1281.0048 712.0039
2 72 0.774583 234.5302 97.3776 767.6744 709.2320
3 72 0.187727 693.7809 184.7288 1273.9093 708.6907
F 48 3
1 0 0.934157 780.6511 265.1140 1279.6473 711.4404
2 72 0.783988 233.3463 97.2202 766.0809 708.7676
3 72 0.129401 693.4054 184.7361 1272.8462 707.7012
F 49 3
1 0 0.936521 781.1353 264.9313 1280.3528 711.7213
2 72 0.799442 234.1640 95.3525 768.4158 708.9203
3 72 0.138931 691.9462 183.0861 1273.2750 707.3322
F 50 3
1 0 0.922762 780.7180 264.9478 1279.5680 711.3322
2 72 0.744657 231.7063 92.5130 768.1877 709.6376
3 72 0.192539 690.6816 182.9622 1272.4316 707.8615
F 51 3
1 0 0.930456 781.1872 267.4357 1277.8163 711.2676
2 72 0.747616 234.9658 98.7022 765.5529 709.2488
3 72 0.112019 693.4894 185.8949 1272.1475 708.2346
F 52 3
1 0 0.930960 781.8008 266.8862 1279.0397 711.2445
2 72 0.712233 237.9076 99.7569 768.4837 709.2629
3 72 0.134322 692.7982 183.6996 1274.3120 708.8776
F 53 3
1 0 0.929438 781.3117 264.3593 1281.1326 711.5676
2 72 0.749087 235.2944 96.3442 768.4138 708.7705
3 72 0.207536 690.6231 181.6352 1274.2441 708.9564
F 54 3
1 0 0.936984 782.0593 265.1362 1280.9866 711.8550
2 72 0.770463 235.1273 95.7995 768.8710 708.7495
3 72 0.171618 692.6154 180.7773 1276.3538 708.4918
F 55 3
1 0 0.931959 782.3729 267.8320 1278.4152 711.4680
2 72 0.763481 230.6540 92.9602 765.7664 709.4028
3 72 0.114371 692.9330 181.5377 1275.2887 707.8210
F 56 3
1 0 0.943968 782.7368 267.0298 1279.5909 711.5689
2 72 0.808068 232.2685 94.9481 765.2433 708.9904
3 72 0.203708 693.1683 183.2440 1274.1864 708.2306
F 57 3
1 0 0.923039 781.8874 268.0431 1278.2913 711.8549
2 72 0.778650 234.5649 97.2102 765.5321 708.9973
3 72 0.278257 691.9038 184.2264 1272.3115 708.8851
F 58 3
1 0 0.939690 783.1779 269.0817 1278.6656 711.9625
2 72 0.796925 237.6572 99.3942 767.5626 708.8344
3 72 0.175540 695.5565 186.0845 1272.9340 707.9763
F 59 3
1 0 0.938352 783.6058 268.1405 1279.7777 711.8362
2 72 0.747616 236.2659 95.9938 769.0615 709.2697
3 72 0.115165 694.4545 183.3045 1274.5853 707.6331
F 60 3
1 0 0.931711 782.3895 267.2803 1279.5039 711.7873
2 72 0.764889 235.3874 94.9589 768.8910 709.5981
3 69 0.172174 693.2253 184.4005 1275.3551 710.4785
F 61 3
1 0 0.937443 783.2186 267.6930 1279.8383 711.9331
2 72 0.752012 236.4988 99.3579 766.2108 709.2260
3 72 0.212722 693.2723 184.5690 1273.3134 708.0912
F 62 3
1 0 0.928665 784.3131 269.9945 1278.5193 711.7397
2 72 0.769078 236.6428 98.0512 766.9518 709.0825
3 72 0.192539 691.1360 182.3139 1273.0360 708.0070
F 63 3
1 0 0.938801 784.3666 268.2087 1280.1957 711.7484
2 72 0.737159 236.3530 94.0837 770.8737 709.3585
3 72 0.187727 692.2252 181.0538 1275.5015 708.3079
F 64 3
1 0 0.938126 784.5046 267.7763 1280.5353 711.7514
2 72 0.750553 237.3051 94.7309 770.7867 709.1328
3 72 0.110090 692.3103 181.1626 1274.8746 707.7643
F 65 3
1 0 0.929948 785.4122 268.1873 1280.6217 711.6697
2 72 0.798187 236.5194 93.3386 771.2174 708.8808
3 72 0.214034 693.1356 183.1973 1273.3468 707.7253
F 66 3
1 0 0.936521 785.7637 268.5057 1280.4673 711.7214
2 72 0.790530 238.3952 98.4340 769.4339 708.6209
3 72 0.109327 694.2365 184.0570 1273.7181 707.7139
F 67 3
1 0 0.933189 785.5225 267.4654 1280.9327 711.6584
2 72 0.702530 233.9042 93.3353 768.4724 709.0206
3 69 0.179531 693.8242 184.4628 1276.8362 711.3508
F 68 3
1 0 0.929948 785.3010 267.9782 1279.9866 711.5521
2 72 0.754914 232.3983 90.7668 768.6712 709.5009
3 69 0.152535 693.9767 185.3538 1275.4700 710.7393
F 69 3
1 0 0.931211 786.4255 268.9160 1279.8949 711.5121
2 72 0.775945 235.4361 98.7864 764.8170 708.8590
3 69 0.256831 692.2580 183.4962 1276.7968 711.8168
F 70 3
1 0 0.936288 786.6762 270.1769 1279.2815 711.9111
2 72 0.741675 235.2616 96.2205 766.6866 708.2809
3 69 0.136610 695.1456 186.9538 1274.8265 710.5648
F 71 3
1 0 0.933916 786.4327 271.3900 1278.0546 711.7310
2 72 0.799442 233.9346 97.5666 764.6103 708.7271
3 72 0.192539 692.9593 183.1306 1274.5388 708.5854
F 72 3
1 0 0.937671 786.4827 270.5119 1279.5951 712.4071
2 72 0.831142 234.0959 96.7509 765.7343 708.5680
3 72 0.229537 692.1303 183.4229 1272.8672 708.1706
F 73 3
1 0 0.937899 786.8235 270.7477 1279.4366 712.1650
2 72 0.752012 236.6852 97.1817 769.0165 709.1700
3 69 0.114767 693.7348 185.6445 1274.2061 710.0007
F 74 3
1 0 0.932944 786.0319 269.4225 1280.0414 712.2359
2 72 0.762068 231.8953 92.2201 767.8511 709.5635
3 69 0.143670 693.8889 186.5652 1274.5111 710.6938
F 75 3
1 0 0.939247 786.0179 268.7511 1280.5557 712.3435
2 72 0.651354 235.8398 92.3288 771.8651 709.2164
3 69 0.164516 692.5310 183.1856 1276.6195 710.7857
F 76 3
1 0 0.940354 786.6075 270.2288 1279.4061 712.1348
2 72 0.724870 234.9177 96.4320 767.3196 709.0818
3 69 0.118791 693.2048 185.0381 1276.3076 711.8035
F 77 3
1 0 0.923591 787.6268 270.8703 1279.4908 711.9712
2 72 0.737159 234.6639 95.1010 767.8854 709.1956
3 72 0.101230 693.7473 185.7036 1274.0796 710.0356
F 78 3
1 0 0.933189 787.0880 270.2791 1279.5306 711.9088
2 72 0.756356 235.2062 93.1134 770.0220 709.0728
3 72 0.183594 692.2039 182.4763 1273.3264 707.8704
F 79 3
1 0 0.935585 786.3292 270.1324 1279.4331 712.3809
2 72 0.700894 236.2402 95.5017 769.2562 709.1909
3 72 0.188921 691.1998 181.7563 1273.2230 708.2135
F 80 3
1 0 0.932207 786.9795 270.8161 1278.8679 711.8156
2 72 0.717012 238.5047 95.6713 771.8781 709.2354
3 69 0.133868 692.8804 183.5153 1275.7574 711.3218
F 81 3
1 0 0.933432 786.7590 271.7324 1278.1271 711.8486
2 72 0.760648 240.1645 97.7174 772.9534 709.0862
3 72 0.106319 691.9902 181.5901 1274.2084 709.3646
F 82 3
1 0 0.939690 787.0445 270.8307 1279.2983 711.8616
2 72 0.658418 239.4132 94.2677 775.1189 708.8639
3 69 0.226100 692.8066 182.5163 1276.0159 711.4246
F 83 3
1 0 0.939025 786.2952 270.9792 1278.4500 711.7018
2 72 0.764889 233.6950 92.6361 769.7856 708.9455
3 69 0.142234 694.2078 185.1017 1275.2784 711.8716
F 84 3
1 0 0.938577 786.8061 271.2790 1278.9032 711.8899
2 72 0.704160 237.0820 95.4899 771.0944 708.6473
3 69 0.152031 694.8323 184.5543 1277.7097 713.1902
F 85 3
1 0 0.929693 786.5418 270.4786 1279.1205 711.5485
2 72 0.763481 235.8505 95.5894 770.3087 709.0313
3 69 0.174412 692.6492 183.9717 1274.4331 712.0273
F 86 3
1 0 0.915205 785.9558 271.5766 1278.0361 711.7505
2 72 0.687631 233.2144 92.7343 769.7834 709.1769
3 69 0.205615 692.6046 183.9960 1275.1207 713.0613
F 87 3
1 0 0.932699 787.0903 271.8240 1278.9995 711.9109
2 72 0.782663 237.4736 100.2340 768.2928 708.4071
3 69 0.141759 693.8025 184.7059 1275.0775 712.2887
F 88 3
1 0 0.928146 786.9717 271.2504 1279.3344 711.7238
2 72 0.786623 236.7224 96.4531 771.4382 708.9441
3 69 0.247988 694.0939 187.0809 1273.0750 712.4822
F 89 3
1 0 0.932207 787.2722 271.1114 1279.2775 711.2402
2 72 0.694303 234.1810 92.1416 772.2299 708.9808
3 69 0.191932 692.8992 185.1993 1274.1190 712.8799
F 90 3
1 0 0.939469 786.6006 270.8907 1279.3760 711.7197
2 72 0.746140 235.8016 94.7130 771.2578 708.1711
3 69 0.102302 693.5764 184.6060 1275.6997 712.8583
F 91 3
1 0 0.935113 785.5257 271.9618 1277.9193 711.9850
2 72 0.763481 236.4207 94.8783 772.4546 708.6906
3 72 0.117977 693.7985 183.1401 1274.3534 710.0364
F 92 3
1 0 0.932944 786.0559 270.9596 1279.0781 711.6721
2 72 0.770463 237.7198 96.3470 773.8154 709.3842
3 72 0.131618 695.7598 183.6608 1274.0288 708.3038
F 93 3
1 0 0.942926 785.7195 270.3302 1279.3976 711.7188
2 72 0.717012 237.4452 96.1584 773.9239 709.1504
3 68 0.174412 697.5355 185.4346 1274.6071 708.3201
F 94 3
1 0 0.939690 787.0648 270.5053 1280.1108 711.5718
2 72 0.735642 236.7407 91.7041 776.7761 708.7297
3 69 0.198685 695.1848 185.8961 1273.1987 709.3322
F 95 3
1 0 0.936055 786.3362 270.0779 1280.1300 711.9297
2 72 0.752012 236.2507 97.1958 771.6297 708.5707
3 72 0.241491 692.4564 181.9726 1273.9237 708.5653
F 96 3
1 0 0.933189 786.1650 270.3310 1279.6969 711.9826
2 72 0.766291 236.2865 96.9788 772.2427 708.3456
3 72 0.145601 693.9139 183.0487 1274.2712 708.2825
F 97 3
1 0 0.938801 786.4901 271.9984 1278.4795 711.8367
2 72 0.717012 236.6891 97.9641 772.6625 708.7588
3 69 0.173850 695.4195 184.7898 1275.4430 709.8374
F 98 3
1 0 0.939690 786.4412 271.4705 1278.9354 711.7808
2 72 0.753466 237.0705 98.0798 773.0848 708.7510
3 72 0.198685 693.5163 184.1272 1274.0571 709.6041
F 99 3
1 0 0.923039 785.7756 270.1106 1279.5089 711.5944
2 72 0.766291 232.0967 94.6416 770.6691 709.4095
3 72 0.157135 692.7083 182.5538 1274.1959 709.3522
F 100 3
1 0 0.922762 786.2609 270.6690 1279.6500 711.9370
2 72 0.770463 235.0744 99.2759 769.8544 708.8328
3 72 0.194980 694.5776 184.9325 1271.5844 707.7740
F 101 3
1 0 0.935349 787.0113 272.6175 1278.4766 711.7368
2 72 0.773215 239.3647 101.2065 772.7070 708.4456
3 72 0.101230 694.9531 186.0879 1271.2668 708.5054
F 102 2
1 0 0.936288 786.6566 271.7804 1278.9185 711.5779
2 72 0.721743 235.5332 98.6036 770.6973 708.4662
F 103 2
1 0 0.930203 785.8082 270.3029 1280.0476 712.0967
2 72 0.796925 234.5471 96.7848 771.4608 709.1360
F 104 2
1 0 0.935585 786.1035 270.3212 1280.1055 712.0454
2 72 0.717012 234.4366 94.9372 772.8149 709.2249
F 105 2
1 0 0.936984 785.8857 271.3223 1279.5472 712.6851
2 72 0.800692 234.8234 96.7150 771.8333 709.2569
F 106 2
1 0 0.935113 786.0821 270.1329 1279.9646 711.8513
2 72 0.712233 238.8023 95.8260 776.4735 708.7714
F 107 2
1 0 0.933916 785.0535 269.4360 1279.9041 712.1120
2 72 0.674050 235.1147 90.2076 777.2947 708.9176
F 108 2
1 0 0.931959 785.8215 270.3320 1279.5492 712.0455
2 72 0.773215 236.2633 96.4094 772.5721 708.3149
F 109 2
1 0 0.935585 784.9380 272.4943 1276.8737 711.8542
2 72 0.760648 235.6423 99.7966 769.2448 708.2508
F 110 2
1 0 0.932207 785.4683 272.0689 1278.0663 711.8645
2 72 0.752012 236.2286 98.9097 770.5761 708.3948
F 111 2
1 0 0.938352 785.3826 271.4065 1278.7299 711.7035
2 72 0.787931 232.3201 97.2412 767.8624 708.6161
F 112 3
1 0 0.934637 785.5480 271.0698 1279.5319 712.0562
2 72 0.750553 233.1282 96.6863 768.9442 709.1962
3 72 0.262841 695.0969 185.0460 1274.4972 710.2115
F 113 3
1 0 0.926035 785.1092 271.1891 1278.7699 711.6119
2 72 0.731057 234.1868 95.1545 770.6951 709.0851
3 68 0.100169 694.5667 183.8685 1274.7583 709.7628
F 114 3
1 0 0.938352 785.2150 270.9035 1279.3672 711.8569
2 72 0.786623 236.6764 100.2707 768.9560 708.5463
3 69 0.214034 695.2352 186.2572 1274.1689 710.6111
F 115 3
1 0 0.936521 785.4326 270.9608 1279.7484 712.1981
2 72 0.800692 236.3237 102.2143 767.3638 708.6723
3 72 0.245809 693.1768 184.4653 1273.3550 709.7660
F 116 3
1 0 0.943345 784.8906 271.2307 1279.4434 712.6570
2 72 0.746140 236.5192 101.4367 768.5968 708.5549
3 72 0.287767 694.6465 186.1039 1272.2074 708.4500
F 117 3
1 0 0.940790 784.5757 270.1768 1279.7677 712.3332
2 72 0.759223 238.3429 99.1406 773.1063 708.5112
3 72 0.198685 693.1848 184.3223 1272.6382 708.9461
F 118 3
1 0 0.935113 783.7279 269.9443 1279.1355 712.1257
2 72 0.737159 235.1052 95.2906 772.0430 708.4955
3 69 0.187132 694.0475 185.9671 1273.6266 710.6229
F 119 3
1 0 0.929438 784.1729 269.8603 1279.6201 712.1286
2 72 0.747616 234.0712 94.8247 772.1764 709.1497
3 69 0.140339 691.2394 184.1943 1272.8425 711.2568
F 120 3
1 0 0.936521 783.7664 269.2548 1279.8064 712.1293
2 72 0.812868 234.2261 98.2894 769.2042 709.0683
3 69 0.177812 692.9645 185.2584 1273.7288 711.4893
F 121 2
1 0 0.934157 783.8686 270.5164 1278.3862 711.6341
2 72 0.702530 234.8532 96.1390 771.0703 708.8700
F 122 3
1 0 0.926035 784.9722 270.5030 1279.5177 711.7776
2 72 0.771842 235.4845 98.9609 769.1576 708.6294
3 72 0.253860 690.8271 182.0581 1271.8796 709.2285
F 123 3
1 0 0.940136 784.6193 269.9199 1279.9745 712.0810
2 72 0.627952 238.5223 96.3939 775.2338 708.3726
3 72 0.163980 693.5665 183.9674 1271.3783 707.8375
F 124 3
1 0 0.938126 785.3668 270.1136 1280.0074 711.7834
2 72 0.726425 237.1321 93.6109 776.3324 708.2769
3 72 0.196826 694.6700 184.0684 1271.5765 707.0149
F 125 3
1 0 0.920793 784.9443 270.3546 1279.4005 711.6707
2 72 0.787931 236.6357 96.0289 772.9782 707.7479
3 72 0.160791 693.7428 182.3685 1272.6632 707.3812
F 126 3
1 0 0.940573 784.4067 271.2732 1278.2238 711.5466
2 72 0.767687 234.1832 96.6311 769.8915 707.8802
3 72 0.188323 692.4455 181.9789 1272.2050 707.5310
F 127 3
1 0 0.933432 785.0690 271.3715 1278.8177 711.5011
2 72 0.717012 236.3511 96.2005 773.3205 708.4295
3 72 0.161849 692.2196 180.7654 1273.3378 707.5980
F 128 3
1 0 0.925499 785.8647 271.3223 1279.5753 711.5682
2 72 0.752012 237.9440 94.8842 776.5715 708.4737
3 68 0.140339 695.5971 184.0298 1272.7024 707.3016
F 129 3
1 0 0.931211 784.4531 270.8873 1278.6805 711.2646
2 72 0.702530 235.3895 93.8962 775.0005 708.6556
3 68 0.148044 695.7932 184.2006 1272.8009 707.1974
F 130 3
1 0 0.944789 784.5685 270.1424 1279.5914 711.3994
2 72 0.672331 235.9536 91.5517 777.8024 708.8893
3 72 0.125920 695.6678 183.8484 1272.9454 706.8351
F 131 3
1 0 0.936521 784.3462 269.7788 1280.2046 712.0302
2 72 0.801936 237.1107 95.7882 775.3512 708.6470
3 72 0.175540 694.0728 184.7048 1271.3978 707.8635
F 132 3
1 0 0.934875 784.9767 270.3042 1280.2163 712.1869
2 72 0.766291 235.9722 96.5881 773.2453 708.5535
3 72 0.120439 694.6002 184.1166 1272.5723 707.7625
F 133 3
1 0 0.938801 784.7500 270.4237 1280.0229 712.4099
2 72 0.726425 236.4718 96.5575 773.9963 708.8487
3 72 0.216012 693.8093 183.1471 1273.5138 708.0578
F 134 3
1 0 0.924689 785.0913 271.5433 1279.0239 712.0792
2 72 0.737159 234.0174 93.3212 773.9478 708.9597
3 72 0.161849 693.8466 184.3486 1271.8806 708.0068
F 135 3
1 0 0.935585 786.0449 271.9659 1279.3086 711.9520
2 72 0.795658 235.7882 99.1087 771.4794 709.0002
3 72 0.180106 693.7197 184.8047 1271.2373 707.9890
F 136 3
1 0 0.937214 786.1026 271.4592 1279.6345 711.8206
2 72 0.707405 238.4802 101.4821 772.4247 709.0139
3 72 0.142712 692.4858 182.7418 1272.8474 708.8102
F 137 3
1 0 0.929181 785.6804 270.8503 1280.1141 712.1840
2 72 0.786623 238.6590 102.1912 773.0363 709.1831
3 69 0.183594 693.4048 184.5188 1274.7146 711.4284
F 138 3
1 0 0.924145 785.6963 270.0406 1280.5272 711.9910
2 72 0.767687 236.6379 100.2840 772.1200 708.5833
3 69 0.173850 694.0762 184.4528 1275.5139 711.5909
F 139 3
1 0 0.940790 785.7458 271.2211 1279.2312 711.6693
2 72 0.690977 234.6613 95.4146 773.9758 709.0172
3 72 0.245086 692.7161 181.4536 1274.5333 709.1636
F 140 3
1 0 0.939247 786.1728 271.0088 1280.0637 712.0438
2 72 0.770463 235.9374 94.0675 777.0228 709.5103
3 72 0.156618 693.9377 183.7038 1272.0872 708.2369
F 141 3
1 0 0.935113 785.3810 270.4318 1280.0067 712.1854
2 72 0.700894 237.8782 96.2046 777.6302 709.3663
3 72 0.208824 691.7425 181.5857 1272.1633 708.3825
F 142 3
1 0 0.939690 785.9370 269.9661 1280.5287 711.9905
2 72 0.710629 237.8367 93.4745 779.9429 708.9780
3 69 0.177242 693.9595 184.8344 1274.1884 711.4097
F 143 3
1 0 0.936288 785.6808 270.2876 1280.4468 712.6589
2 72 0.746140 237.5598 94.8441 779.0718 708.9952
3 69 0.132514 692.7645 184.1296 1275.3464 713.2160
F 144 3
1 0 0.934397 786.2550 270.1645 1280.4000 712.1677
2 72 0.724870 233.7582 94.1379 775.3044 709.0013
3 69 0.144150 694.2177 184.7656 1275.6863 712.7316
F 145 3
1 0 0.918483 786.3511 270.6980 1279.7555 712.0621
2 72 0.705785 233.2259 91.6508 776.2696 709.1685
3 69 0.181842 692.0803 183.8063 1273.6232 712.5307
F 146 3
1 0 0.922762 786.8219 270.6531 1279.9817 711.9391
2 72 0.767687 235.3861 97.6464 773.2944 708.7365
3 69 0.167220 691.1362 183.6059 1273.7175 713.9280
F 147 3
1 0 0.930960 786.6370 270.5532 1279.9305 712.0580
2 72 0.759223 234.5122 97.3728 772.4599 708.7374
3 69 0.112408 692.7283 183.6951 1273.4602 712.7950
F 148 3
1 0 0.940354 786.3653 270.4329 1279.7778 712.1032
2 72 0.791821 235.2249 95.5273 774.5078 708.9038
3 69 0.134777 693.5674 183.0687 1274.0436 711.6901
F 149 3
1 0 0.940354 786.1448 270.3878 1279.6696 712.2027
2 72 0.764889 236.7159 99.0370 773.0801 708.8021
3 68 0.121685 694.5171 183.8244 1272.4753 709.6132
F 150 3
1 0 0.936055 786.2241 270.1239 1279.7954 712.0747
2 72 0.767687 235.7768 95.3163 775.4542 708.5980
3 72 0.151027 696.4066 183.8638 1273.1628 708.1646
F 151 3
1 0 0.933916 785.6607 270.0253 1279.2799 711.9433
2 72 0.737159 233.3089 92.4282 774.3373 708.6871
3 72 0.125920 694.7438 183.9607 1270.9922 707.6265
F 152 3
1 0 0.933916 785.6044 270.5682 1278.8463 711.9763
2 72 0.771842 234.5093 95.6282 772.6870 708.7219
3 72 0.127650 694.5487 183.9964 1271.4740 708.0970
F 153 3
1 0 0.931959 785.8794 271.2705 1278.1426 711.4935
2 72 0.824460 233.1253 96.6924 770.0264 708.9013
3 69 0.169958 694.5961 185.1658 1274.3503 711.9221
F 154 3
1 0 0.933916 785.9647 271.4519 1278.2321 711.4774
2 72 0.743169 231.6969 94.8610 769.4520 709.4651
3 69 0.208824 693.7162 185.1919 1272.3738 711.0586
F 155 3
1 0 0.938577 785.7637 271.6821 1278.3398 711.8042
2 72 0.746140 232.4839 93.5926 770.4963 709.1816
3 68 0.119200 694.7853 183.2950 1274.5953 710.0624
F 156 3
1 0 0.939469 783.4980 271.1866 1277.4355 712.0118
2 72 0.731057 232.3577 93.2007 769.4489 709.0720
3 69 0.137999 696.3318 185.4247 1275.9413 711.6653
F 157 4
1 0 0.928146 781.6646 270.0052 1277.2552 711.8427
2 72 0.707405 234.3032 93.1446 770.8794 708.8644
3 69 0.237932 692.6027 184.5374 1272.4069 712.1055
11 67 0.336331 783.7614 397.4875 905.7761 560.1750
F 158 3
1 0 0.932453 781.9314 270.0536 1277.8977 712.0261
2 72 0.737159 234.8158 91.9772 772.4893 709.6113
3 69 0.157653 693.6028 183.4553 1275.1742 712.7603
F 159 3
1 0 0.935113 780.2470 270.4056 1276.8116 712.2608
2 72 0.785308 233.0723 94.6803 767.6169 709.2330
3 72 0.171063 694.2725 183.1281 1275.1115 711.3511
F 160 3
1 0 0.929181 779.8220 270.7062 1276.4580 712.0184
2 72 0.793106 234.5410 97.8666 766.1246 709.0870
3 72 0.154056 694.3093 184.0813 1271.7468 709.6526
F 161 3
1 0 0.937671 778.2584 270.1595 1276.6814 712.5867
2 72 0.806853 234.0926 96.5807 766.7557 708.8655
3 69 0.121268 693.9067 183.3690 1273.0392 710.9961
F 162 3
1 0 0.932453 777.0819 271.3565 1275.1521 712.3876
2 72 0.747616 232.3547 95.5087 765.2786 708.7825
3 69 0.132514 695.0557 183.9269 1273.6331 710.6788
F 163 2
1 0 0.935585 776.3413 272.2240 1274.0751 711.7310
2 72 0.759223 233.4769 98.8152 762.8827 708.5867
F 164 2
1 0 0.930456 775.5162 272.4644 1274.2548 711.8135
2 72 0.782663 232.6847 98.7377 762.4814 709.1763
F 165 2
1 0 0.936288 773.9920 272.1350 1274.2542 711.7632
2 72 0.762068 231.7446 97.5376 761.5178 708.7376
F 166 2
1 0 0.932944 772.2922 272.1698 1273.5187 711.4147
2 72 0.743169 232.6446 94.6779 764.0656 709.2325
F 167 2
1 0 0.937899 771.1304 271.6823 1274.4663 711.8631
2 72 0.694303 232.6586 93.5139 764.3953 708.9249
F 168 4
1 0 0.931211 770.8336 271.2472 1275.3885 711.8688
2 72 0.842865 232.5342 95.0604 762.1942 708.8074
11 67 0.334589 788.5377 415.4150 911.8484 576.6718
3 69 0.279829 699.2039 187.9505 1274.0161 711.2086
F 169 4
1 0 0.918190 771.3493 271.9898 1275.7290 711.7061
2 72 0.778650 231.6354 95.3246 760.3306 708.9286
11 67 0.104476 783.8123 416.8623 928.8605 605.6169
3 69 0.104110 697.1193 188.8261 1273.3162 712.6359
F 170 4
1 0 0.915205 771.5295 272.1048 1276.1558 711.3969
2 72 0.791821 232.7693 96.9137 759.3379 708.6444
11 67 0.188323 779.3875 414.4207 915.7180 594.1926
3 69 0.201185 694.6037 186.4607 1274.7546 713.2709
F 171 4
1 0 0.943968 768.6912 271.4839 1275.0343 711.2814
2 72 0.757793 232.5746 97.0178 758.5441 708.5374
11 67 0.226785 790.3275 417.2196 918.6783 583.3517
3 69 0.153547 695.5400 186.1897 1272.9200 710.5314
F 172 4
1 0 0.944585 770.2068 273.6427 1275.2728 711.4878
2 72 0.796925 233.5405 97.8783 758.6397 708.4985
11 67 0.205615 793.0424 418.4704 922.4695 582.0321
3 72 0.101943 696.7132 186.9935 1273.3105 710.6436
F 173 4
1 0 0.933916 768.8961 273.7122 1275.0486 711.5681
2 72 0.762068 233.0217 96.5434 759.2569 708.8162
11 67 0.310694 793.4990 419.5931 925.6422 585.2582
3 69 0.104476 697.3460 187.1691 1275.6680 712.0130
F 174 4
1 0 0.922204 769.0214 272.8202 1276.2731 711.1033
2 72 0.735642 234.0391 96.3644 759.7833 708.4417
11 67 0.250913 789.6788 417.8540 922.2997 581.8118
3 69 0.112799 696.6976 186.7343 1274.7927 711.3734
F 175 3
1 0 0.937443 768.7818 273.2201 1276.8832 711.7554
2 72 0.767687 234.2689 97.1214 758.6680 708.1352
11 67 0.205615 779.4608 416.8024 909.1348 578.2775
F 176 3
1 0 0.929693 768.9794 273.7801 1277.2578 712.0035
2 72 0.740176 235.6507 101.2085 757.0460 708.6827
11 67 0.184767 790.3655 416.9967 923.5553 580.2665
F 177 2
1 0 0.941007 769.0048 272.6638 1278.6211 711.9312
2 72 0.767687 237.5411 102.2467 757.8118 708.0635
F 178 3
1 0 0.936521 766.8542 270.4215 1279.1591 711.9027
2 72 0.718594 234.4486 94.3366 761.3326 708.8251
11 67 0.345105 778.9680 415.2531 912.0283 579.8389
F 179 3
1 0 0.934875 767.0574 272.1309 1277.7762 711.7262
2 72 0.774583 233.1884 96.7906 757.9830 708.9473
11 67 0.115165 788.2859 415.1132 907.0041 561.9697
F 180 3
1 0 0.927097 769.4536 275.3497 1277.7559 712.5680
2 72 0.834406 237.2006 99.3929 759.3190 708.0015
11 67 0.141284 794.0016 422.1241 918.8416 572.9107
F 181 3
1 0 0.944174 767.9088 273.7460 1277.4774 711.5602
2 72 0.805633 238.1464 100.8715 759.9916 708.8029
11 67 0.217337 783.2908 416.4321 914.7068 576.9843
F 182 3
1 0 0.932699 766.9891 274.1244 1276.8910 711.5925
2 72 0.680879 235.6263 98.9358 759.0599 708.6098
11 67 0.290980 788.6884 416.4235 923.0769 579.8710
F 183 2
1 0 0.935821 767.5486 274.7578 1277.2627 711.6060
2 72 0.799442 236.3850 101.9930 757.0756 708.3714
F 184 2
1 0 0.930203 767.7472 274.5767 1278.5876 712.2734
2 72 0.777300 235.9010 97.6786 761.2397 709.6061
F 185 2
1 0 0.937443 767.6670 274.0879 1278.7544 711.7816
2 72 0.660173 233.1106 92.2617 761.5410 708.9153
F 186 2
1 0 0.946597 766.8121 274.5583 1277.4137 711.2635
2 72 0.793106 233.1114 94.9888 758.4514 708.4854
F 187 2
1 0 0.930709 768.0511 274.8145 1278.5745 711.3167
2 72 0.763481 235.6366 97.8705 758.3915 708.6516
F 188 3
1 0 0.931211 766.9040 274.1617 1278.8982 711.9175
2 72 0.806853 235.5115 98.1386 758.1360 708.7151
11 67 0.476580 793.6778 416.7226 931.3945 581.4193
F 189 3
1 0 0.932453 767.7886 274.4062 1279.4371 711.8149
2 72 0.777300 235.8136 98.7332 757.9423 708.5738
11 67 0.161319 789.7227 417.0834 927.6425 579.6392
F 190 3
1 0 0.935585 768.0127 274.7439 1279.0098 711.3621
2 72 0.786623 236.6083 99.9461 758.0197 708.8512
11 67 0.135691 781.1494 417.3704 917.7436 582.1265
F 191 3
1 0 0.933675 767.9857 274.0412 1280.1970 711.8527
2 72 0.749087 234.6255 98.7439 756.8616 708.9561
11 67 0.100875 779.6649 418.7849 912.7764 580.5263
F 192 2
1 0 0.937214 767.0990 273.1130 1280.1970 711.7083
2 72 0.769078 234.7211 96.4665 758.1455 708.4993
F 193 2
1 0 0.942715 767.7785 274.2478 1280.0020 712.0658
2 72 0.794385 234.6656 99.0707 756.5880 708.9037
F 194 3
1 0 0.927360 767.4595 273.1093 1280.8322 712.2834
2 72 0.791821 234.5227 98.5731 756.7061 708.8095
11 67 0.264358 789.6862 418.3206 927.0720 583.4999
F 195 2
1 0 0.920221 766.9863 273.2572 1280.0087 712.0338
2 72 0.731057 232.1842 94.0860 757.7249 709.4341
F 196 2
1 0 0.923591 767.4393 272.9858 1280.2166 711.6069
2 72 0.713831 233.5559 97.1732 756.5256 709.0922
F 197 2
1 0 0.934875 768.4427 275.0331 1279.2971 711.7756
2 72 0.783988 235.3682 98.5293 757.1929 708.8765
F 198 2
1 0 0.935113 768.5186 275.4771 1278.9196 711.5920
2 72 0.808068 236.2062 99.8675 756.3893 708.2981
F 199 2
1 0 0.930456 767.8044 273.2398 1280.6758 711.7713
2 72 0.735642 233.6700 91.5145 760.6766 709.0733
F 200 2
1 0 0.934637 768.3990 274.6206 1279.7290 711.6744
2 72 0.811677 237.8597 99.3127 759.1139 709.0363
F 201 2
1 0 0.939247 769.8213 277.7096 1278.2506 711.8032
2 72 0.747616 236.9411 99.6754 757.7968 708.6891
F 202 2
1 0 0.943553 767.3403 274.4779 1279.5471 711.8521
2 72 0.756356 236.4462 95.3374 761.6587 709.5510
F 203 2
1 0 0.928665 765.6855 273.5051 1279.1084 711.7053
2 72 0.789233 234.4473 91.8917 761.9491 708.8861
F 204 2
1 0 0.937443 767.7822 275.2000 1279.3584 711.7320
2 72 0.796925 236.8782 99.1652 758.6053 708.4666
F 205 2
1 0 0.941653 768.3297 276.0098 1278.8821 711.4116
2 72 0.796925 235.9472 97.5607 759.5098 709.1364
F 206 2
1 0 0.932944 767.8406 273.6635 1280.7216 711.3741
2 72 0.727975 235.2983 97.6978 758.7408 708.8923
F 207 2
1 0 0.933916 768.8859 272.8603 1282.6565 712.1037
2 72 0.821044 234.5046 98.2439 757.6732 708.9642
F 208 2
1 0 0.941223 769.6846 273.7152 1282.2354 712.3806
2 72 0.727975 235.3724 99.1088 757.6769 708.8259
F 209 2
1 0 0.941438 768.4941 274.2107 1279.7518 711.4926
2 72 0.762068 237.3525 99.0999 759.9202 708.7734
F 210 2
1 0 0.926833 767.6536 273.8212 1279.1906 711.1552
2 72 0.818738 236.1010 101.2383 757.1443 708.9193
F 211 2
1 0 0.930456 770.1806 275.9056 1280.0194 712.0211
2 72 0.827826 236.1995 100.2171 758.6594 709.3056
F 212 2
1 0 0.934157 768.8413 276.0312 1279.4863 712.6807
2 72 0.791821 234.6987 97.6729 758.7880 708.9548
F 213 2
1 0 0.938801 766.9185 274.0892 1279.5411 712.3489
2 72 0.762068 235.0004 99.3468 757.5547 708.8209
F 214 2
1 0 0.924689 767.3954 273.0219 1280.5061 711.8903
2 72 0.777300 236.2945 95.1048 762.6917 709.1009
F 215 2
1 0 0.932453 768.5423 275.0966 1279.2511 711.6324
2 72 0.770463 234.5249 97.0525 758.2297 708.5472
F 216 2
1 0 0.941007 768.5871 275.2252 1279.4974 711.8660
2 72 0.762068 234.9447 96.6488 759.1442 708.5018
F 217 2
1 0 0.934875 767.3937 274.3615 1279.2312 711.6241
2 72 0.727975 233.7945 93.0330 760.6379 708.9816
F 218 2
1 0 0.934157 767.3447 275.0244 1279.3090 712.2763
2 72 0.764889 235.0536 97.1144 758.6031 708.9988
F 219 2
1 0 0.926568 768.2732 276.1010 1279.3885 712.5231
2 72 0.763481 236.9197 99.1815 758.6756 708.5084
F 220 2
1 0 0.926035 768.5081 273.3632 1281.6053 712.1183
2 72 0.694303 236.1217 94.6624 761.8594 709.4822
F 221 2
1 0 0.939247 767.4442 272.6595 1281.4463 712.5410
2 72 0.759223 234.8367 93.6239 760.4908 709.0243
F 222 2
1 0 0.929948 768.6042 273.9661 1280.2267 711.7104
2 72 0.811677 238.1743 100.1721 758.6069 708.3530
F 223 2
1 0 0.931959 768.0829 273.9727 1280.3909 712.3862
2 72 0.660173 237.5386 96.8632 761.1176 709.0933
F 224 2
1 0 0.932453 768.8735 274.5547 1280.0413 711.9805
2 72 0.775945 234.1922 93.1448 760.1240 708.7112
F 225 2
1 0 0.939916 768.5413 276.1810 1277.9762 711.5779
2 72 0.774583 236.0190 97.5111 758.7871 708.7307
F 226 2
1 0 0.936055 768.6368 276.7094 1277.5547 711.1782
2 72 0.756356 234.9921 100.1789 755.7842 708.9044
F 227 2
1 0 0.936521 767.7385 275.9071 1278.5034 711.8576
2 72 0.603932 237.4987 99.6870 758.5554 708.6390
F 228 2
1 0 0.947771 766.2280 273.9463 1279.0494 711.5376
2 72 0.709020 235.8234 97.0094 759.3342 708.7045
F 229 2
1 0 0.942080 766.7106 275.9253 1277.7976 711.4997
2 72 0.803174 233.5880 95.1686 758.0924 708.4000
F 230 2
1 0 0.942715 767.3811 277.9190 1277.4260 712.1487
2 72 0.798187 236.6494 102.0661 756.1925 708.7806
F 231 2
1 0 0.923591 765.9476 277.0082 1277.4117 711.9802
2 72 0.822188 234.2905 100.2111 755.5237 708.9266
F 232 2
1 0 0.925230 765.6357 277.0678 1277.6028 712.0808
2 72 0.809277 235.0420 103.6313 754.0624 708.9810
F 233 2
1 0 0.930960 764.6202 276.4220 1277.6785 711.9529
2 72 0.764889 236.7971 100.4393 758.4369 708.5039
F 234 2
1 0 0.943968 762.7341 277.0809 1276.0858 711.9865
2 72 0.741675 234.5165 100.7098 755.3513 708.4897
F 235 2
1 0 0.930960 762.2205 276.0861 1277.0400 711.8336
2 72 0.735642 232.6091 95.0197 757.6218 709.1469
F 236 2
1 0 0.939469 760.6169 276.3673 1275.8644 711.6106
2 72 0.795658 233.2934 96.6630 756.4291 708.7362
F 237 2
1 0 0.937671 760.0355 277.2162 1275.2565 711.5268
2 72 0.763481 234.7835 97.8017 756.8239 708.7435
F 238 2
1 0 0.923039 758.7340 275.6320 1276.6390 711.8272
2 72 0.718594 234.1750 93.1157 760.6332 709.9032
F 239 2
1 0 0.948157 757.7090 275.0326 1276.8188 711.6938
2 72 0.690977 233.7767 93.9934 758.0394 708.8574
F 240 2
1 0 0.948540 756.5915 275.4684 1276.1614 711.8085
2 72 0.777300 235.2575 98.8092 755.5760 708.7852
F 241 2
1 0 0.929438 755.7313 274.8111 1276.3824 711.4393
2 72 0.729520 235.1401 100.9738 754.1671 708.9238
F 242 2
1 0 0.948348 755.5291 274.3179 1277.1206 711.3004
2 72 0.798187 235.0223 98.1376 756.5339 708.9761
F 243 2
1 0 0.949297 754.3852 275.1271 1276.1049 711.4147
2 72 0.764889 233.9211 98.0524 754.9410 708.4178
F 244 2
1 0 0.935113 754.3495 275.6862 1276.0146 711.2119
2 72 0.735642 233.3029 93.3099 758.4266 709.2807
F 245 2
1 0 0.943553 753.8335 275.9813 1275.8550 711.0541
2 72 0.753466 233.6686 96.5503 756.1035 709.1125
F 246 2
1 0 0.929438 754.6221 276.3397 1277.3218 711.6580
2 72 0.740176 234.7583 99.2916 754.3521 708.7159
F 247 2
1 0 0.945196 753.2027 275.9771 1276.4789 711.0613
2 72 0.709020 233.7941 93.5395 757.7236 709.5590
F 248 2
1 0 0.926568 753.4227 275.7549 1277.5721 711.2494
2 72 0.754914 232.9594 94.5107 755.3513 709.0518
F 249 2
1 0 0.946200 753.0461 275.9179 1277.2278 710.9092
2 72 0.759223 234.9327 98.6968 753.5615 708.5257
F 250 2
1 0 0.943136 752.7673 276.4751 1276.9208 710.8649
2 72 0.746140 235.9393 96.3956 756.9434 709.4863
F 251 2
1 0 0.942080 753.0886 275.8573 1278.7938 711.5119
2 72 0.644224 237.1354 99.5710 754.7563 708.6920
F 252 2
1 0 0.945196 752.1088 276.0351 1277.7263 711.0969
2 72 0.799442 235.9387 99.9486 752.8352 708.3887
F 253 2
1 0 0.942926 751.9084 277.0110 1277.7393 711.8486
2 72 0.734120 234.2437 99.0875 752.6958 709.1033
F 254 2
1 0 0.941653 752.0757 277.3774 1277.9291 711.8848
2 72 0.746140 235.2623 97.9280 753.8875 708.3829
F 255 2
1 0 0.948157 751.4944 277.0973 1277.4188 711.1525
2 72 0.799442 234.2837 100.7887 750.7592 708.4407
F 256 2
1 0 0.945398 751.4466 277.4821 1277.6453 711.3709
2 72 0.754914 234.0983 98.0600 753.2904 708.7958
F 257 2
1 0 0.936055 752.1544 277.6229 1279.2500 712.2808
2 72 0.707405 235.9697 101.3170 752.8120 708.9304
F 258 2
1 0 0.934397 751.8750 275.6891 1280.9885 712.3754
2 72 0.717012 236.9766 101.2254 753.6661 708.3193
F 259 2
1 0 0.941438 752.2826 276.1104 1279.9768 711.5007
2 72 0.735642 233.8548 97.2091 754.3461 708.8337
F 260 2
1 0 0.946991 752.5615 276.9346 1279.2985 711.3312
2 72 0.811677 235.3960 100.9664 752.9551 708.9462
F 261 2
1 0 0.938801 753.2848 277.2460 1279.9934 711.6812
2 72 0.763481 236.4471 101.4059 753.3734 708.4919
F 262 2
1 0 0.950962 752.1584 275.8736 1280.8262 712.1443
2 72 0.702530 235.7492 94.6978 758.2651 709.1478
F 263 2
1 0 0.940790 752.5415 275.8494 1280.5743 711.6581
2 72 0.697608 234.6292 97.5230 755.2781 709.3122
F 264 2
1 0 0.946000 753.5601 278.3209 1279.1053 711.8023
2 72 0.804406 235.9270 104.2377 751.4863 709.1251
F 265 2
1 0 0.944789 753.3999 277.4347 1279.8362 711.6910
2 72 0.723309 236.5309 100.4712 755.1672 709.5499
F 266 2
1 0 0.939247 752.0302 276.0214 1280.0135 711.5661
2 72 0.767687 232.8243 94.1001 755.3625 708.7172
F 267 2
1 0 0.933432 754.4261 277.7141 1280.3831 711.6840
2 72 0.759223 235.3909 97.4540 754.8373 708.5652
F 268 2
1 0 0.941867 754.6414 278.0259 1279.7253 711.1500
2 72 0.743169 236.2516 101.8957 753.0236 709.0873
F 269 2
1 0 0.909904 756.0865 277.3117 1282.0732 711.7762
2 72 0.831142 234.7924 100.0944 752.7139 708.8712
F 270 2
1 0 0.931711 756.1637 277.2863 1281.6794 711.6006
2 72 0.811677 235.9794 100.7297 753.3439 708.7895
F 271 2
1 0 0.936288 756.4913 277.5228 1280.7968 710.8726
2 72 0.778650 236.4895 102.2876 753.6931 709.0895
F 272 2
1 0 0.943136 755.3441 277.1970 1280.7236 711.5906
2 72 0.770463 234.7691 97.2437 756.0678 708.8721
F 273 2
1 0 0.941007 755.2167 276.7423 1281.2874 712.0283
2 72 0.734120 234.8395 97.3195 755.3334 708.2956
F 274 2
1 0 0.928665 757.2847 277.6432 1281.6871 711.9455
2 72 0.798187 234.4832 95.0469 757.3311 708.7379
F 275 2
1 0 0.938801 756.6778 277.2408 1280.8201 711.4162
2 72 0.775945 235.5445 98.8162 755.1542 708.4122
F 276 2
1 0 0.934157 757.8260 277.2523 1282.1570 712.2072
2 72 0.720171 237.3117 100.0974 755.9333 708.6202
F 277 2
1 0 0.928665 758.5524 276.7607 1282.9338 712.3405
2 72 0.720171 236.6007 93.5496 760.9861 709.3614
F 278 2
1 0 0.921077 760.4920 277.7303 1283.0277 712.3057
2 72 0.795658 237.8662 96.4384 760.1014 709.1461
F 279 2
1 0 0.909904 762.1995 275.7837 1285.2046 711.8765
2 72 0.754914 238.8796 99.2162 758.9515 708.5656
F 280 2
1 0 0.932699 760.0535 274.5551 1283.3378 711.3007
2 72 0.718594 236.4757 95.6353 760.6131 708.9250
F 281 2
1 0 0.926302 763.0798 276.9848 1283.3756 711.8256
2 72 0.814053 238.8226 100.0618 760.1096 708.8133
F 282 2
1 0 0.941007 762.0862 277.2517 1282.1971 712.1915
2 72 0.773215 237.6731 100.2621 758.2941 708.1081
F 283 2
1 0 0.930203 762.1157 275.8640 1283.2224 712.3287
2 72 0.756356 233.8529 93.2158 760.4835 709.3328
F 284 2
1 0 0.938577 762.7202 275.9176 1283.2443 712.4610
2 72 0.713831 235.3182 93.7780 761.9351 709.6292
F 285 2
1 0 0.929693 763.2349 275.3640 1283.4402 712.2612
2 72 0.781331 234.5441 92.5310 760.9307 709.0796
F 286 2
1 0 0.937671 764.7526 276.7271 1282.8296 712.2660
2 72 0.778650 234.6894 93.8097 759.7716 709.0339
F 287 2
1 0 0.935349 766.6351 277.3294 1283.2509 712.3491
2 72 0.752012 236.8453 98.4428 758.4670 709.0159
F 288 2
1 0 0.913367 768.1266 277.0590 1283.7596 711.9659
2 72 0.808068 236.9150 98.8789 758.8013 709.1742
F 289 2
1 0 0.932453 768.0868 277.2845 1283.0347 712.0682
2 72 0.744657 238.2204 97.8775 761.8603 709.2332
F 290 2
1 0 0.936055 768.7628 277.4502 1283.0273 712.1897
2 72 0.817577 237.4475 98.8144 760.8000 708.7588
F 291 2
1 0 0.934875 769.1685 277.6753 1282.8453 712.4005
2 72 0.752012 236.0890 100.3221 758.0535 708.7441
F 292 2
1 0 0.925768 770.2678 276.7656 1283.9508 712.3140
2 72 0.759223 239.9153 94.2636 768.8866 709.8978
F 293 2
1 0 0.936521 770.7698 277.5755 1282.8500 712.1975
2 72 0.746140 237.0381 94.4539 765.8187 709.3431
F 294 2
1 0 0.935585 772.6592 277.3858 1284.0908 712.3179
2 72 0.767687 238.6598 95.0369 767.7375 709.2930
F 295 2
1 0 0.935349 772.6915 275.5771 1284.9620 712.3629
2 72 0.732591 236.5223 92.2131 768.3767 709.6032
F 296 2
1 0 0.932453 775.0673 275.8847 1285.5306 712.2965
2 72 0.754914 236.2528 94.3727 766.2357 708.8950
F 297 2
1 0 0.935821 775.4840 276.8328 1283.7953 711.9402
2 72 0.778650 235.2566 97.1950 762.9836 708.9551
F 298 2
1 0 0.942080 777.0577 276.8636 1284.7386 712.5494
2 72 0.713831 236.8719 91.3145 769.6852 709.1442
F 299 2
1 0 0.936521 776.5145 274.8931 1284.7909 711.9535
2 72 0.777300 237.1375 91.7451 769.9833 708.7216
F 300 2
1 0 0.931461 777.1122 274.7282 1284.7941 712.1400
2 72 0.760648 236.6434 93.4987 768.1831 708.8912
F 301 2
1 0 0.936753 779.2770 276.7370 1284.0598 712.3765
2 72 0.746140 235.0343 93.3503 766.0054 708.7915
F 302 2
1 0 0.933916 779.6450 276.1802 1284.1154 712.3005
2 72 0.771842 237.8098 96.1922 766.9105 708.2592
F 303 2
1 0 0.935821 780.5602 275.5569 1284.5641 712.2712
2 72 0.782663 238.6736 93.7954 771.4093 708.8871
F 304 2
1 0 0.935113 781.5257 277.0567 1283.3369 712.3422
2 72 0.702530 240.4669 96.6881 771.5279 708.9601
F 305 2
1 0 0.929693 781.3359 276.1378 1283.5573 712.4514
2 72 0.775945 239.6110 100.6009 768.1883 708.6569
F 306 2
1 0 0.941007 782.6175 276.2027 1283.5792 712.0792
2 72 0.774583 240.8514 100.0754 770.6343 708.2112
F 307 2
1 0 0.939469 782.1359 275.3193 1283.6165 712.4335
2 72 0.699254 238.0876 95.5555 772.2786 709.2038
F 308 2
1 0 0.937214 782.0040 273.7501 1284.3784 712.6500
2 72 0.766291 236.4949 92.8560 772.9293 708.5897
F 309 2
1 0 0.935349 782.5343 274.7288 1282.8256 712.1537
2 72 0.774583 234.8470 96.7837 767.9314 708.5205
F 310 2
1 0 0.941007 783.7778 275.4405 1283.0703 712.7079
2 72 0.709020 236.4124 94.8104 770.7828 708.4955
F 311 2
1 0 0.940573 782.8974 273.3178 1283.5847 712.6691
2 72 0.626125 239.9362 94.7281 776.2700 708.8174
F 312 2
1 0 0.930709 782.8997 272.4388 1283.8367 712.8177
2 72 0.754914 235.7258 91.3169 774.8740 708.7750
F 313 2
1 0 0.938577 784.9357 274.9201 1282.2090 712.3777
2 72 0.724870 237.0098 97.0411 771.4393 708.7588
F 314 2
1 0 0.939916 784.5985 273.3907 1283.0137 712.6229
2 72 0.744657 240.0529 98.4881 774.6857 709.2495
F 315 2
1 0 0.940136 784.2502 271.9943 1283.1094 712.3024
2 72 0.773215 237.4415 100.5940 770.0521 708.6061
F 316 2
1 0 0.927885 784.8216 274.4435 1280.5292 711.8506
2 72 0.826710 239.9947 103.2778 771.6984 709.0246
F 317 2
1 0 0.935349 785.3738 274.1422 1281.3536 712.2596
2 72 0.692642 237.0266 102.1939 768.9562 708.3542
F 318 2
1 0 0.927623 784.6175 271.5526 1282.7045 712.3324
2 72 0.775945 233.5733 97.1281 769.3459 708.9291
F 319 2
1 0 0.941438 784.8814 272.1459 1282.2435 712.7722
2 72 0.718594 236.2062 94.0555 774.3890 708.3228
F 320 2
1 0 0.940573 784.8813 272.9613 1281.0023 712.6085
2 72 0.762068 235.8004 100.3129 768.8222 707.9276
F 321 2
1 0 0.944174 784.7957 273.0298 1280.5282 712.3798
2 72 0.815233 240.0587 105.1903 770.3248 707.9457
F 322 2
1 0 0.941438 783.3553 271.5729 1280.1031 711.7971
2 72 0.752012 235.4235 95.7217 774.3932 708.9512
F 323 2
1 0 0.940136 784.3895 272.6790 1280.0178 711.9082
2 72 0.806853 236.8114 98.2615 773.8542 708.8339
F 324 2
1 0 0.942292 785.1920 272.6102 1280.9036 712.2833
2 72 0.779993 236.6853 102.5502 769.9980 708.2914
F 325 2
1 0 0.943136 784.8188 271.6796 1281.1710 712.3435
2 72 0.729520 235.8168 96.6259 774.2438 708.2517
F 326 2
1 0 0.932207 785.8315 273.0654 1280.5267 712.2837
2 72 0.756356 236.8624 98.6027 773.9695 708.4028
F 327 2
1 0 0.942292 785.7492 272.6041 1280.8273 712.4262
2 72 0.794385 239.8235 100.6020 776.2512 708.9575
F 328 2
1 0 0.941867 784.7896 271.4405 1281.0387 712.6450
2 72 0.680879 234.2853 96.5586 773.5821 709.4975
F 329 2
1 0 0.942715 784.9273 270.0148 1281.9341 712.4794
2 72 0.798187 234.5117 95.7765 773.9581 709.0394
F 330 2
1 0 0.946200 784.5368 269.8134 1281.5587 712.6628
2 72 0.763481 236.9031 97.2225 775.5972 709.0269
F 331 2
1 0 0.941438 785.0988 271.1520 1280.3719 712.4016
2 72 0.718594 237.5974 97.8628 775.2713 708.6902
F 332 2
1 0 0.939469 785.0643 271.3388 1279.9207 712.3017
2 72 0.775945 235.1289 99.9260 770.2626 708.3970
F 333 2
1 0 0.939025 785.3784 271.4138 1280.0859 712.4293
2 72 0.834406 236.6350 100.8695 771.8843 708.6177
F 334 2
1 0 0.946597 785.4417 272.1061 1279.6278 712.5603
2 72 0.744657 234.0505 92.9471 776.3231 709.5290
F 335 2
1 0 0.932944 785.5115 271.4608 1280.1536 712.6095
2 72 0.757793 232.7905 91.2875 776.0618 709.3773
F 336 2
1 0 0.932944 785.0999 271.0527 1280.2134 712.7924
2 72 0.808068 234.2227 93.9757 774.8697 709.4807
F 337 2
1 0 0.940573 785.6899 272.2219 1279.0774 712.1176
2 72 0.766291 236.8276 96.7579 775.6625 709.6824
F 338 2
1 0 0.945196 784.7493 270.3513 1280.2266 712.3575
2 72 0.753466 239.1904 95.5866 779.5410 709.2595
F 339 2
1 0 0.922762 785.4651 270.1436 1280.4165 711.9540
2 72 0.717012 234.8875 94.7350 775.6884 708.7676
F 340 2
1 0 0.935585 786.6433 272.3838 1279.7478 712.5450
2 72 0.759223 233.6172 95.4931 773.3530 708.9114
F 341 2
1 0 0.938352 786.7318 271.7467 1280.0148 712.2736
2 72 0.699254 236.0976 99.1748 772.7358 708.3058
F 342 2
1 0 0.930456 785.1915 270.0175 1280.4457 712.5840
2 72 0.760648 235.2776 98.6628 773.1152 709.0718
F 343 2
1 0 0.933432 784.7932 270.5211 1279.1852 712.0416
2 72 0.727975 232.6230 90.9425 776.0237 709.1957
F 344 2
1 0 0.943553 784.8207 270.5535 1279.6044 712.4966
2 72 0.766291 236.2740 98.4789 773.0497 708.5839
F 345 2
1 0 0.938126 783.9803 268.9183 1280.2894 712.5040
2 72 0.668880 235.5139 93.5116 775.8990 708.5147
F 346 2
1 0 0.932944 783.5428 267.9762 1280.4253 712.3413
2 72 0.744657 234.3959 91.4079 776.7252 708.8198
F 347 2
1 0 0.931959 784.7173 269.1973 1280.1311 712.3618
2 72 0.741675 237.5413 96.8889 775.9348 708.4424
F 348 2
1 0 0.940790 783.9466 268.7628 1279.5049 712.0392
2 72 0.783988 236.1265 99.4873 772.0250 708.1337
F 349 2
1 0 0.941438 783.5948 268.0275 1280.0756 712.3309
2 72 0.737159 231.0796 94.3276 771.1716 709.3450
F 350 2
1 0 0.937214 783.7737 268.2528 1279.8207 712.2770
2 72 0.800692 236.6583 98.9759 773.0322 708.6469
F 351 2
1 0 0.941223 783.4160 267.8521 1279.8245 712.3394
2 72 0.773215 237.8777 96.9432 776.4197 708.8754
F 352 2
1 0 0.934875 783.1826 266.9659 1280.1771 712.1980
2 72 0.750553 235.5059 90.2288 779.9344 709.1265
F 353 2
1 0 0.943345 783.0054 265.8151 1280.6523 711.9797
2 72 0.753466 235.8825 94.7739 776.2692 708.8916
F 354 2
1 0 0.939469 782.4828 265.8044 1280.1372 712.0629
2 72 0.734120 236.9962 97.6112 774.0414 708.1387
F 355 2
1 0 0.935821 782.5369 265.7326 1279.9418 711.9307
2 72 0.694303 234.3871 95.2041 773.4103 708.5181
F 356 2
1 0 0.942926 781.9185 265.1407 1279.7709 711.7991
2 72 0.775945 233.7119 98.8351 768.3337 708.1675
F 357 2
1 0 0.943136 781.7081 264.3518 1279.9381 711.5034
2 72 0.775945 231.0217 98.5563 764.9691 708.5327
F 358 2
1 0 0.934397 781.7442 264.3974 1279.9773 711.7236
2 72 0.660173 230.8298 93.8948 767.3068 708.8369
F 359 2
1 0 0.938352 781.4176 264.3469 1279.6803 711.7269
2 72 0.752012 233.1294 99.6317 763.9698 708.2927
F 360 2
1 0 0.939469 780.3210 263.0201 1280.0537 711.8948
2 72 0.822188 234.1161 102.1562 762.8014 708.7479
F 361 2
1 0 0.945196 779.8986 262.3670 1279.8826 711.5471
2 72 0.777300 234.1176 99.1123 765.5867 709.2509
F 362 2
1 0 0.946597 779.7414 262.6314 1279.7440 711.9113
2 72 0.777300 234.8165 100.0976 764.9743 708.9435
F 363 2
1 0 0.941007 779.8586 262.5830 1279.6100 711.7205
2 72 0.796925 237.3161 104.2653 764.7620 708.9900
F 364 2
1 0 0.945196 779.8389 262.2485 1279.8004 711.7313
2 72 0.689306 238.4883 97.0392 773.0064 709.3380
F 365 2
1 0 0.939469 779.6655 261.6398 1280.2963 711.9839
2 72 0.781331 234.5708 95.8046 769.1640 708.4791
F 366 2
1 0 0.931959 779.4992 261.2578 1280.4280 712.1624
2 72 0.818738 233.4688 99.6328 764.4782 708.9753
F 367 2
1 0 0.929948 779.0654 260.3024 1280.4426 711.8169
2 72 0.729520 231.4019 94.6376 765.4362 709.3298
F 368 2
1 0 0.942292 778.2535 260.2856 1279.8652 712.0156
2 72 0.715424 233.7605 95.7275 766.0612 708.8030
F 369 2
1 0 0.935585 778.0917 259.6354 1280.0874 711.9260
2 72 0.754914 232.7681 96.4875 763.1772 708.6008
F 370 2
1 0 0.934875 778.2036 258.7446 1280.8351 711.9744
2 72 0.799442 234.0592 100.1699 761.5132 709.0206
F 371 2
1 0 0.930709 777.8015 258.7538 1280.7469 712.5699
2 72 0.812868 237.2627 101.3140 763.7426 708.6832
F 372 2
1 0 0.934875 776.6658 257.7851 1280.0537 712.0523
2 72 0.753466 236.9746 100.5741 764.1909 709.0523
F 373 2
1 0 0.946597 775.9789 256.4452 1280.7175 712.2668
2 72 0.781331 236.4877 99.1260 765.4816 709.1915
F 374 2
1 0 0.942926 775.7546 256.4518 1280.2872 712.2651
2 72 0.732591 233.6301 96.0948 764.0186 709.2429
F 375 2
1 0 0.930960 775.1967 255.9810 1279.4554 711.5211
2 72 0.824460 233.4153 101.3800 758.5630 708.9312
F 376 3
1 0 0.945599 774.7936 256.1526 1279.5129 712.1472
2 72 0.809277 233.5623 99.9163 759.3471 708.4800
48 72 0.315735 690.8746 183.0000 1274.9254 709.0000
F 377 3
1 0 0.938801 774.5287 255.9057 1279.1704 711.8079
2 72 0.809277 235.0658 100.6794 760.2906 708.1461
48 72 0.203075 691.4030 183.0963 1275.7069 709.3853
F 378 3
1 0 0.933916 773.4396 255.4986 1279.1396 712.3395
2 72 0.726425 231.8999 98.9771 758.2059 708.3528
48 72 0.132964 693.0793 184.1007 1277.4829 710.4864
F 379 3
1 0 0.936288 773.0751 255.5252 1279.0175 712.4582
2 72 0.732591 233.0127 98.6606 759.1805 708.7636
48 72 0.128523 688.9752 176.0686 1282.0653 710.6318
F 380 3
1 0 0.941438 772.4125 255.0555 1278.6093 712.0064
2 72 0.735642 233.9942 101.5135 757.7833 708.5901
48 72 0.176673 689.9208 178.0149 1279.6724 709.7571
F 381 3
1 0 0.942715 771.0297 254.5618 1278.0403 711.8344
2 72 0.770463 233.7886 100.1095 758.6835 708.6901
48 72 0.139869 691.2009 179.6891 1278.7867 709.7830
F 382 3
1 0 0.942504 770.9015 254.7197 1278.1155 711.8523
2 72 0.789233 235.0461 99.0780 760.5144 709.0584
48 72 0.265880 691.5756 181.8924 1276.6144 709.7873
F 383 3
1 0 0.940354 770.3508 253.3077 1279.0045 711.7775
2 72 0.804406 235.1540 100.6667 758.9454 708.8672
48 72 0.167220 690.7210 180.7409 1276.8806 709.9562
F 384 3
1 0 0.939690 770.4606 252.7880 1279.4589 711.6677
2 72 0.781331 235.3340 101.5985 757.9678 708.7936
48 72 0.237932 692.2016 184.3923 1274.5858 710.1840
F 385 3
1 0 0.941223 770.0668 253.5985 1278.4368 711.5447
2 72 0.746140 234.0105 97.6439 759.2472 709.0963
48 72 0.227471 691.3635 181.1925 1276.8943 710.0952
F 386 3
1 0 0.945196 769.8041 252.7655 1279.4208 711.9127
2 72 0.775945 234.7227 97.8006 759.5991 708.7152
48 72 0.201185 691.8436 181.2591 1276.7903 709.8911
F 387 3
1 0 0.938352 770.0154 251.9687 1279.9127 711.5577
2 72 0.778650 235.5657 100.0157 758.5083 708.4044
48 72 0.245809 689.3600 179.9546 1274.1460 708.8090
F 388 3
1 0 0.945196 768.7968 251.6819 1279.2668 711.6713
2 72 0.781331 232.8838 96.3921 759.0331 709.4456
48 72 0.156618 692.3049 181.7222 1275.4447 708.9033
F 389 3
1 0 0.942926 769.3945 251.9194 1279.7917 711.9632
2 72 0.825588 232.8314 97.3388 757.4578 709.1779
48 72 0.199932 691.5693 183.1449 1274.1270 710.2745
F 390 3
1 0 0.936753 769.1097 252.8495 1278.8665 711.9916
2 72 0.809277 234.2644 99.6928 755.9996 708.2476
48 72 0.233709 693.4238 182.7641 1275.3228 709.2947
F 391 3
1 0 0.939469 768.3043 251.8912 1278.9784 711.7540
2 72 0.827826 234.5378 99.7604 756.3148 708.7228
48 72 0.169407 692.0020 182.0349 1274.7415 709.5873
F 392 3
1 0 0.937671 768.7476 252.3633 1279.0311 711.7466
2 72 0.819894 234.5124 100.1130 755.5850 708.0772
48 69 0.253860 692.4937 182.7525 1277.0529 712.1827
F 393 3
1 0 0.940790 767.9867 251.7260 1279.1692 711.8270
2 72 0.778650 233.8766 98.9198 755.4526 707.9997
48 72 0.182423 692.8580 182.3612 1276.5862 711.1734
F 394 3
1 0 0.940790 768.6733 251.9886 1279.4153 711.6101
2 72 0.790530 235.2284 97.3111 758.7803 708.4689
48 69 0.104842 690.1334 181.7144 1276.9445 714.4216
F 395 3
1 0 0.941223 768.4790 252.9230 1278.9838 712.1892
2 72 0.704160 234.4927 100.0062 755.4362 708.4834
48 72 0.191932 693.1635 182.8728 1276.7289 712.3365
F 396 3
1 0 0.932699 768.4975 252.7863 1279.0680 711.9952
2 72 0.781331 233.1724 97.7250 755.7041 709.1513
48 72 0.180106 693.9922 182.2384 1276.4734 710.8624
F 397 3
1 0 0.937214 768.2408 252.5721 1278.7120 711.5076
2 72 0.721743 234.4673 92.6599 760.9531 708.5775
48 72 0.174975 695.2782 182.9902 1275.8064 709.4742
F 398 3
1 0 0.937214 768.3558 252.8247 1278.8701 711.6540
2 72 0.793106 235.2192 95.4470 759.2260 708.3589
48 72 0.172731 693.6586 182.2794 1275.2462 709.6133
F 399 3
1 0 0.935113 769.1232 252.9231 1279.6199 711.8758
2 72 0.834406 235.7631 98.1864 757.0572 708.2762
48 72 0.197444 691.5218 181.3488 1274.1572 710.0007
F 400 3
1 0 0.943553 769.1341 253.1272 1279.5267 711.9601
2 72 0.782663 233.4649 98.2362 755.3441 709.0735
48 72 0.268943 691.3994 181.4943 1272.6511 708.8289
F 401 3
1 0 0.943553 769.6618 254.3620 1278.8860 711.9089
2 72 0.798187 234.6877 99.7406 755.0939 708.5480
48 72 0.166676 692.1204 180.4783 1274.4701 709.2155
F 402 3
1 0 0.947964 769.6709 254.3314 1279.0831 711.9718
2 72 0.786623 235.5794 102.6229 753.9239 708.6786
48 72 0.147553 694.8429 183.6498 1274.4517 709.0364
F 403 3
1 0 0.934875 770.3555 254.4805 1279.5514 711.9951
2 72 0.762068 235.6769 98.5658 757.2098 708.5624
48 72 0.259824 695.0194 183.4478 1276.0474 709.8013
F 404 3
1 0 0.938577 770.5053 254.0366 1280.0009 711.9208
2 72 0.805633 237.0997 100.4956 756.9796 708.1888
48 72 0.227471 690.7593 181.9610 1272.0409 709.4307
F 405 3
1 0 0.941007 770.1964 254.5261 1279.4569 712.0574
2 72 0.774583 235.6630 99.0761 756.8771 708.5440
48 72 0.228847 691.6045 180.0750 1274.6761 709.4570
F 406 3
1 0 0.942926 771.4006 255.5349 1279.3296 711.7782
2 72 0.750553 236.8005 95.2346 762.1701 709.3394
48 72 0.233010 694.2863 182.4178 1274.3994 708.8091
F 407 3
1 0 0.948157 771.8156 256.7380 1278.6559 711.6722
2 72 0.791821 237.8499 100.7050 758.2691 708.4860
48 72 0.218669 692.0568 182.3210 1271.9177 708.5660
F 408 3
1 0 0.942504 772.3441 257.3481 1278.7684 711.7157
2 72 0.760648 236.7292 102.8024 754.8763 708.1579
48 72 0.267409 691.4923 180.1342 1273.7688 708.6442
F 409 3
1 0 0.936288 773.7660 257.4001 1279.8159 711.5675
2 72 0.777300 235.7630 97.4517 758.6112 708.8638
48 72 0.256831 693.3347 183.6836 1272.7540 708.8431
F 410 3
1 0 0.933189 774.3489 257.7375 1280.0713 711.6778
2 72 0.782663 238.2423 100.5440 758.9842 708.4703
48 72 0.221350 693.8674 184.0424 1273.9506 709.5850
F 411 3
1 0 0.938577 775.0530 259.0102 1279.3352 711.4724
2 72 0.763481 239.4499 101.2307 759.9294 708.4850
48 72 0.216012 695.2414 183.9219 1274.9634 709.0391
F 412 3
1 0 0.946000 775.3972 259.6426 1279.2915 711.6439
2 72 0.726425 236.1804 100.1598 757.7068 708.8218
48 72 0.212722 692.3102 180.7271 1275.6479 709.1636
F 413 3
1 0 0.937443 776.0281 259.5334 1279.7504 711.4615
2 72 0.741675 237.1296 101.5659 758.1392 708.6185
48 72 0.169407 690.8738 179.1918 1275.1569 708.5524
F 414 3
1 0 0.934875 776.6777 260.1373 1279.5775 711.2280
2 72 0.831142 236.9421 103.0860 757.1131 708.5406
48 72 0.219337 692.9613 182.7433 1273.4102 708.3222
F 415 3
1 0 0.936288 777.1867 260.6808 1279.6429 711.3896
2 72 0.764889 240.3197 102.4909 762.8712 709.0078
48 72 0.137072 693.5588 184.2661 1272.9478 708.2388
F 416 2
1 0 0.938801 777.2495 260.8698 1279.5298 711.3697
2 72 0.777300 236.4339 98.9501 761.5955 708.6876
F 417 3
1 0 0.943968 777.8859 260.9249 1279.8481 711.1979
2 72 0.825588 236.3379 101.4016 759.0550 708.4007
48 72 0.299106 693.5674 185.2000 1272.7075 708.2402
F 418 3
1 0 0.949859 778.4608 261.5923 1279.8640 711.4652
2 72 0.749087 234.6940 95.2236 762.9139 708.7881
48 72 0.214034 691.6117 184.9393 1270.6449 707.7631
F 419 3
1 0 0.938352 778.9449 261.9951 1279.9969 711.5674
2 72 0.801936 235.8192 99.4891 760.3147 708.6049
48 72 0.191327 691.2418 183.4360 1272.5796 708.9193
F 420 3
1 0 0.944789 779.4449 262.4626 1280.2063 711.9370
2 72 0.769078 238.7235 103.4529 760.2312 708.0380
48 72 0.235111 692.8938 184.5224 1272.0227 707.3702
F 421 3
1 0 0.941007 779.2808 262.1276 1280.2045 711.9105
2 72 0.766291 237.8752 100.1383 762.8008 708.6537
48 72 0.224055 692.4718 182.7027 1273.1184 707.4404
F 422 3
1 0 0.937671 780.1362 262.6478 1280.1757 711.8163
2 72 0.794385 235.3376 100.2074 759.5362 708.3908
48 72 0.178383 692.8105 182.8444 1272.9542 707.3033
F 423 3
1 0 0.942715 780.8391 263.1622 1280.1801 711.8622
2 72 0.700894 237.9623 101.8861 760.4803 708.1258
48 72 0.305697 692.9135 185.5474 1270.6882 707.0876
F 424 3
1 0 0.941007 781.4969 263.6735 1280.4308 712.2921
2 72 0.746140 242.9320 99.1279 770.3452 709.0192
48 72 0.187132 691.6749 183.7570 1271.2773 708.1671
F 425 3
1 0 0.939247 781.9958 263.8522 1280.0060 711.7915
2 72 0.721743 240.5547 99.4892 768.3000 708.5313
48 72 0.106319 693.4083 182.8333 1273.4340 707.7483
F 426 3
1 0 0.943136 782.6282 264.5668 1279.8762 711.9313
2 72 0.757793 240.5001 98.4752 770.2438 708.8400
48 72 0.261330 693.1053 182.8159 1272.9891 707.5876
F 427 3
1 0 0.942080 783.4921 265.2355 1279.9265 711.9837
2 72 0.750553 237.7747 98.5920 767.6147 708.4612
48 72 0.233010 691.5278 181.0800 1271.9659 707.1964
F 428 3
1 0 0.941223 784.2033 265.8028 1279.7051 711.7545
2 72 0.687631 235.7495 100.7906 763.8558 708.1519
48 72 0.204342 691.5547 180.3485 1273.1855 707.7094
F 429 3
1 0 0.947187 783.9995 266.0000 1279.7411 712.2465
2 72 0.740176 239.3325 99.5575 769.2397 708.3666
48 72 0.255343 692.0552 182.4754 1270.9368 707.7399
F 430 3
1 0 0.937671 784.7874 267.3804 1278.9529 712.0181
2 72 0.734120 237.0832 96.7798 769.9054 708.9442
48 72 0.194980 690.5093 181.8051 1268.6003 707.2550
F 431 3
1 0 0.947577 784.8741 267.5531 1278.9304 712.0129
2 72 0.811677 236.3508 96.8070 768.7757 708.5029
48 72 0.261330 693.2648 183.6207 1270.0944 707.5679
F 432 3
1 0 0.945398 784.8663 266.6888 1279.7742 712.0929
2 72 0.769078 238.5965 100.1329 769.2708 708.4992
48 72 0.235111 692.6631 180.6722 1272.4882 707.1913
F 433 3
1 0 0.940354 784.7250 267.2553 1279.2244 712.2050
2 72 0.752012 240.0936 98.9178 772.7678 708.6635
48 72 0.141759 691.3328 181.2952 1270.3713 707.5450
F 434 3
1 0 0.944585 784.5243 267.9521 1278.5695 712.2462
2 72 0.757793 237.1664 98.7894 770.0341 708.3950
48 72 0.284576 692.2832 182.3665 1269.8481 706.6894
F 435 3
1 0 0.946000 784.8990 269.2758 1277.8615 712.2605
2 72 0.806853 234.3546 99.7341 765.7154 708.2932
48 72 0.142234 691.5320 179.8822 1273.0873 707.6901
F 436 3
1 0 0.944380 784.8243 268.8481 1278.0524 711.8507
2 72 0.715424 234.8539 94.9676 770.7836 709.0821
48 72 0.104110 693.6488 181.5891 1272.7343 707.2441
F 437 3
1 0 0.946991 785.7398 269.9922 1278.0857 711.9438
2 72 0.744657 233.9159 95.4832 769.0522 708.5557
48 72 0.141759 695.4645 182.9093 1274.2289 707.9008
F 438 3
1 0 0.935585 786.2223 270.0766 1278.5348 711.8968
2 72 0.804406 235.1664 98.6701 767.4424 708.3533
48 72 0.119200 696.0206 184.4827 1273.1713 707.6526
F 439 3
1 0 0.939469 785.8944 270.0078 1278.8739 712.3754
2 72 0.787931 237.1147 96.3295 772.3967 708.9390
48 72 0.245086 696.8351 185.3204 1273.7167 708.3846
F 440 3
1 0 0.936521 785.8440 270.0486 1278.7524 712.2252
2 72 0.805633 236.1111 98.9984 768.8990 708.3344
48 72 0.248717 694.4663 184.3859 1271.2877 707.3362
F 441 3
1 0 0.942504 785.0859 270.4629 1277.8655 712.1668
2 72 0.707405 235.4999 96.3781 770.3467 708.6002
48 69 0.101230 692.2999 181.2540 1274.3551 709.7484
F 442 3
1 0 0.937899 785.4573 271.1847 1278.0247 712.3921
2 72 0.770463 238.8625 100.5075 771.5024 708.5358
48 72 0.135691 693.5238 181.9250 1273.4698 708.6794
F 443 3
1 0 0.938801 784.4511 271.6910 1277.0801 712.3936
2 72 0.747616 234.0522 93.3866 772.8846 709.1735
48 68 0.109708 694.2108 183.2620 1273.1559 709.0892
F 444 3
1 0 0.942292 784.3171 271.8667 1277.1398 712.3099
2 72 0.729520 234.2905 93.6813 772.0876 708.9182
48 72 0.209470 692.3796 180.1333 1273.5532 708.5789
F 445 3
1 0 0.935821 783.7781 271.3389 1277.6567 712.4427
2 72 0.775945 232.0049 91.5883 770.4410 708.8183
48 72 0.106319 692.7094 183.3250 1270.9491 709.2068
F 446 3
1 0 0.940136 783.2471 271.2918 1277.6068 712.4918
2 72 0.737159 232.4015 91.8056 770.5378 709.2740
48 72 0.151528 693.9402 181.3206 1273.4060 708.6154
F 447 3
1 0 0.930960 782.9965 271.0984 1277.8915 712.5090
2 72 0.769078 234.6152 100.9852 764.4821 708.4557
48 72 0.188323 694.4832 183.2062 1271.3683 707.8940
F 448 3
1 0 0.940790 783.0248 271.3470 1277.6350 712.1012
2 72 0.757793 234.5731 97.2626 767.9797 709.3055
48 72 0.135233 694.6119 183.9243 1270.9165 708.2816
F 449 3
1 0 0.938126 782.2534 271.4333 1277.3346 712.1943
2 72 0.775945 233.1225 98.0931 764.7928 708.9618
48 69 0.107064 696.4958 186.7947 1272.9628 710.9083
F 450 3
1 0 0.932944 782.2233 271.8715 1277.2158 712.0646
2 72 0.771842 234.4440 103.2001 761.3114 708.9944
48 69 0.134777 692.6628 184.7692 1272.9862 712.2267
F 451 3
1 0 0.941438 780.7636 271.7813 1277.1416 712.7599
2 72 0.727975 234.6733 100.3111 763.8609 708.8400
48 72 0.160791 694.7204 184.5698 1272.7816 709.7441
F 452 3
1 0 0.926568 780.6885 271.8222 1277.6404 713.0219
2 72 0.801936 237.5835 99.8706 767.7148 708.6165
48 72 0.220007 696.3218 184.1563 1273.7047 708.2907
F 453 3
1 0 0.933189 780.0502 271.9134 1277.0493 712.7053
2 72 0.845944 233.3932 100.0243 762.9875 708.8625
48 72 0.147063 694.3759 184.4092 1271.8810 708.7335
F 454 3
1 0 0.932944 779.3123 271.6935 1276.9224 712.5829
2 72 0.767687 232.1148 95.1992 765.3571 709.4518
48 72 0.278257 693.4279 183.6753 1270.9025 707.9111
F 455 3
1 0 0.938352 778.9779 271.6876 1277.1117 712.6180
2 72 0.782663 233.7460 96.0979 765.6404 708.6848
48 72 0.218003 693.3015 180.9165 1273.6937 708.0981
F 456 3
1 0 0.926833 779.4547 271.5984 1277.6713 712.3000
2 72 0.735642 232.7468 94.5538 765.6510 709.0516
48 72 0.224735 693.3380 180.8689 1272.9371 707.6776
F 457 3
1 0 0.927360 778.9504 271.8089 1277.1771 711.9315
2 72 0.804406 235.3340 96.5376 766.7405 709.1901
48 72 0.113583 695.0867 183.1745 1272.8955 708.6775
F 458 3
1 0 0.934637 778.6914 271.2238 1278.4752 712.7026
2 72 0.791821 234.8963 97.7976 764.7787 708.7458
48 72 0.123363 692.1633 182.6490 1269.6859 708.3975
F 459 3
1 0 0.933675 778.2313 271.5782 1277.5226 712.1689
2 72 0.787931 232.6380 96.4570 763.1525 708.7427
48 72 0.111244 693.1698 182.2034 1271.4891 708.7875
F 460 3
1 0 0.935821 777.8436 270.7194 1278.1281 712.0486
2 72 0.738670 233.8201 95.2092 765.3874 709.0723
48 72 0.160265 693.9136 182.2025 1271.6576 708.7702
F 461 3
1 0 0.938126 777.3278 270.6422 1278.4073 712.4997
2 72 0.796925 236.2635 99.7756 764.1697 708.7021
48 72 0.223376 693.0049 181.4625 1271.3475 708.7628
F 462 3
1 0 0.923865 776.0408 270.5322 1277.2212 711.8455
2 72 0.814053 232.1086 94.8869 763.0779 709.2238
48 72 0.157653 693.5614 182.6726 1270.0862 708.0991
F 463 3
1 0 0.931959 774.8263 270.8230 1276.4388 711.7634
2 72 0.789233 233.6714 94.7003 764.0867 709.0897
48 72 0.155589 694.7819 183.3008 1270.0948 708.0133
F 464 3
1 0 0.936521 775.1131 270.1908 1277.4850 711.5693
2 72 0.815233 234.8713 97.2818 762.9750 708.7072
48 72 0.180106 695.5934 185.1904 1270.3325 708.9753
F 465 3
1 0 0.934875 773.7360 269.7059 1277.7367 712.2416
2 72 0.799442 235.5480 95.7029 764.5734 708.8928
48 72 0.175540 696.3779 185.2372 1271.0204 708.5126
F 466 3
1 0 0.936753 771.9976 269.1139 1277.1700 712.0850
2 72 0.785308 235.9441 95.8523 764.5412 708.7982
48 72 0.136610 695.6605 185.2449 1270.3877 708.0061
F 467 3
1 0 0.943968 769.1735 268.6477 1275.1825 711.2828
2 72 0.795658 232.9133 94.7576 761.2636 708.2670
48 69 0.103022 693.6812 185.4867 1270.6937 710.4617
F 468 3
1 0 0.938126 769.3247 268.3135 1277.2904 712.4671
2 72 0.767687 233.4061 97.6518 758.7214 708.2325
48 72 0.150527 694.0231 183.6720 1271.9501 709.4057
F 469 3
1 0 0.928923 767.8864 267.7005 1276.5693 711.7615
2 72 0.793106 234.8017 97.0978 761.0435 708.5532
48 69 0.138931 692.4186 182.1533 1272.1001 710.3195
F 470 2
1 0 0.939025 765.7959 268.7982 1274.7374 711.9061
2 72 0.793106 235.1948 98.8680 760.0887 708.6757
F 471 2
1 0 0.935349 764.0277 266.9914 1276.1365 712.3751
2 72 0.737159 235.1862 97.8792 760.3088 708.2266
F 472 2
1 0 0.941438 761.4998 266.8939 1274.0370 711.3157
2 72 0.800692 235.8143 99.1515 760.0185 708.5538
F 473 2
1 0 0.938126 760.6398 265.8777 1275.5042 711.6566
2 72 0.764889 234.7775 95.9888 761.3568 708.5139
F 474 2
1 0 0.936288 760.3232 266.3304 1275.7744 711.8703
2 72 0.834406 236.3100 100.7315 759.2836 708.6642
F 475 2
1 0 0.941223 758.9111 265.8547 1276.2285 712.3652
2 72 0.854884 235.3624 102.2025 757.8779 709.5501
F 476 2
1 0 0.945800 757.2344 263.8708 1276.5974 711.5622
2 72 0.757793 235.2246 98.2726 760.4488 708.8892
F 477 2
1 0 0.942080 757.3947 263.6280 1277.6349 711.7523
2 72 0.823327 235.1598 100.5748 758.8835 709.2151
F 478 2
1 0 0.942080 756.3583 262.7295 1278.0128 711.7433
2 72 0.786623 234.1454 98.7985 758.8713 708.9243
F 479 2
1 0 0.944993 756.0990 261.2529 1279.7062 712.0706
2 72 0.729520 235.2064 98.1220 760.3239 708.8134
F 480 3
1 0 0.948730 755.3799 261.0436 1279.5155 712.1948
2 72 0.806853 235.2327 99.1862 759.9371 709.2665
48 72 0.258325 695.6530 185.0400 1268.8107 707.8233
F 481 3
1 0 0.945398 755.5685 260.9875 1279.8311 712.2411
2 72 0.738670 234.5579 94.9619 761.8816 708.7764
48 72 0.138931 697.1375 184.3801 1271.6012 708.2384
F 482 3
1 0 0.944789 754.2621 260.4925 1279.5378 712.5875
2 72 0.826710 235.2078 98.1512 759.6511 708.2610
48 72 0.255343 693.8776 184.0866 1268.0221 708.0381
F 483 3
1 0 0.951684 753.1959 260.4894 1277.7943 711.3978
2 72 0.783988 234.6599 97.5563 759.8445 708.3969
48 72 0.105948 695.4459 184.9667 1269.1948 707.8022
F 484 3
1 0 0.933432 754.8354 260.1776 1279.8254 711.6063
2 72 0.774583 235.9842 96.6724 762.3549 708.6154
48 68 0.117572 696.3207 184.8804 1271.5240 708.7135
F 485 3
1 0 0.944993 753.0579 260.4067 1278.3125 711.6048
2 72 0.839735 234.6245 99.8084 758.2303 708.8643
48 72 0.119200 697.0414 185.0072 1272.0902 708.3986
F 486 3
1 0 0.948157 751.6037 259.6841 1278.1271 711.6058
2 72 0.775945 233.6105 98.6823 758.0708 708.9589
48 72 0.276691 695.5389 185.3807 1270.6693 708.9434
F 487 3
1 0 0.940573 750.8521 259.0953 1278.4520 711.6900
2 72 0.837621 232.2586 98.0874 756.7648 708.9939
48 72 0.167220 695.5078 185.3503 1271.2411 708.8192
F 488 3
1 0 0.942715 751.2516 258.7232 1278.9941 711.3105
2 72 0.773215 232.6299 95.5490 758.8757 708.8411
48 72 0.278257 693.3962 185.3325 1270.0796 709.4340
F 489 3
1 0 0.943968 751.1907 259.0940 1279.0265 711.5806
2 72 0.809277 234.7248 98.0572 758.8116 708.7827
48 72 0.195594 695.5082 186.8084 1269.7091 708.5079
F 490 3
1 0 0.948348 748.9156 258.4239 1277.1846 710.6115
2 72 0.786623 235.1006 99.0176 758.4727 709.2565
48 72 0.117977 695.2113 185.7863 1271.0875 709.1500
F 491 2
1 0 0.947577 748.3000 258.5141 1277.4242 710.9904
2 72 0.812868 234.9042 99.5430 757.1152 708.9387
F 492 3
1 0 0.938126 747.0850 258.2315 1276.7979 710.5598
2 72 0.778650 233.1788 99.0748 755.1993 708.9825
62 67 0.320822 763.8262 425.0125 890.2925 590.3500
F 493 3
1 0 0.943761 747.2216 258.1370 1277.9811 711.1434
2 72 0.801936 233.2393 97.4058 755.9256 708.9987
62 67 0.292595 761.4357 424.5197 889.8617 592.4950
F 494 3
1 0 0.940354 747.1278 258.2780 1277.0392 709.9642
2 72 0.769078 232.5705 95.4539 756.0046 709.0042
62 67 0.494141 759.5010 424.0658 888.3213 592.7750
F 495 3
1 0 0.927623 747.7249 258.1772 1278.8892 710.9256
2 72 0.806853 234.3966 98.1853 755.8693 709.3357
62 67 0.222700 757.0679 423.7029 887.2122 594.0121
F 496 3
1 0 0.933432 748.2045 258.3131 1279.8506 711.5400
2 72 0.798187 232.9839 95.4272 756.0381 709.4606
62 67 0.252384 758.1182 424.9696 885.7974 592.1371
F 497 3
1 0 0.932944 747.9582 258.8681 1278.8395 711.1129
2 72 0.793106 235.0911 100.1631 753.8843 709.0110
62 67 0.294215 757.0848 426.0717 883.2374 591.1695
F 498 3
1 0 0.936984 747.9962 258.7542 1279.1608 711.1155
2 72 0.746140 234.7866 97.3309 755.0963 708.8384
62 67 0.145116 758.5569 427.3905 884.8165 592.6545
F 499 3
1 0 0.944380 745.9940 258.0545 1278.0884 710.7868
2 72 0.795658 234.5451 95.4380 756.3473 709.1039
62 67 0.336331 759.5865 427.8685 885.8654 593.6971
F 500 3
1 0 0.936055 746.7836 258.9509 1277.8010 710.3333
2 72 0.805633 234.3866 96.2113 754.9961 708.5449
62 67 0.315735 760.1025 428.1288 885.3141 592.5389
F 501 3
1 0 0.934397 746.1551 258.7996 1277.8135 710.3294
2 72 0.793106 234.4279 98.0014 753.3941 708.8289
62 67 0.222700 761.7243 429.7901 886.7634 592.8132
F 502 3
1 0 0.946794 745.3135 259.4057 1277.0349 710.4139
2 72 0.778650 233.5029 95.3742 754.7312 709.2683
62 67 0.184767 761.0513 429.6448 887.8365 594.0886
F 503 3
1 0 0.944380 745.8082 259.6364 1277.5177 710.2836
2 72 0.816406 234.3718 95.8706 754.7714 709.2687
62 67 0.310694 761.8820 431.5533 888.7655 595.4696
F 504 3
1 0 0.942292 744.8842 260.7148 1276.8475 710.9810
2 72 0.771842 233.9833 96.3979 753.3669 709.1024
62 67 0.310694 760.8301 431.5370 888.9563 596.1407
F 505 3
1 0 0.950229 744.6107 260.9539 1276.9500 710.9980
2 72 0.720171 234.5593 97.4286 753.1120 709.0384
62 67 0.281406 760.6260 433.3135 889.2083 598.7845
F 506 3
1 0 0.937443 745.8773 261.5342 1277.2924 710.3427
2 72 0.793106 234.1754 94.8443 754.4554 709.0139
62 67 0.236519 763.7861 434.2051 890.7272 596.9804
F 507 3
1 0 0.919357 747.7794 261.5811 1278.9934 710.2609
2 72 0.796925 234.6456 98.4911 752.2924 709.3345
62 67 0.265880 763.6507 435.8228 890.9833 598.4337
F 508 3
1 0 0.950044 746.5821 262.4179 1277.5023 710.2324
2 72 0.753466 234.2514 95.7441 753.8710 709.4559
62 67 0.214692 766.9890 436.3329 893.6932 597.0869
F 509 3
1 0 0.938577 748.1414 264.3800 1277.3242 710.2241
2 72 0.769078 234.6943 95.3689 753.9642 709.0052
62 67 0.222700 765.2242 436.7799 891.4960 596.2663
F 510 3
1 0 0.942080 747.2823 264.5282 1277.0524 710.3061
2 72 0.750553 235.0907 96.8841 753.0320 708.8333
62 67 0.240777 768.0857 438.6850 895.8214 598.9888
F 511 3
1 0 0.935349 748.9178 265.8909 1277.6394 710.4214
2 72 0.800692 236.1307 96.8006 754.9337 709.4302
62 67 0.246534 766.7574 436.8171 895.6126 598.5836
F 512 3
1 0 0.940790 748.1555 266.1391 1277.0068 710.2180
2 72 0.798187 236.6096 97.5945 754.4901 708.6644
62 67 0.346873 766.9646 437.9012 896.5155 600.1481
F 513 3
1 0 0.945599 749.3649 268.2816 1277.0061 710.8044
2 72 0.791821 234.8472 95.5785 754.6033 709.0356
62 67 0.281406 768.8027 438.9490 898.3417 601.7155
F 514 4
1 0 0.944380 749.5186 268.9853 1277.2249 711.1093
2 72 0.741675 233.8544 93.1685 755.7947 709.5066
62 67 0.289371 769.6228 438.5974 898.7816 602.6167
65 67 0.474631 771.6946 438.6625 935.1804 702.0500
F 515 4
1 0 0.943136 751.1680 270.2173 1277.4489 710.8501
2 72 0.740176 236.6843 97.3747 755.3474 709.1898
62 67 0.229537 772.3044 436.6082 902.2105 601.6979
65 67 0.264358 770.2494 436.2270 936.4331 704.2256
F 516 4
1 0 0.945196 750.8013 270.4058 1277.2717 710.7090
2 72 0.795658 236.3093 98.3232 753.7276 708.5710
62 67 0.195594 769.0141 436.3491 898.0326 601.0789
65 67 0.272025 771.3618 435.7448 935.8821 700.4300
F 517 4
1 0 0.943553 750.8431 270.8629 1277.8413 711.2759
2 72 0.777300 238.6981 99.1710 756.7848 709.0004
62 67 0.282988 770.5234 437.8278 896.5464 599.4626
65 67 0.144150 770.6198 437.2242 937.6567 705.7261
F 518 4
1 0 0.946000 751.4205 271.1747 1277.9808 710.8682
2 72 0.734120 238.4426 98.1590 757.5132 708.8331
62 67 0.384912 771.7850 436.4236 897.6478 599.1666
65 67 0.117572 768.6378 435.9842 933.4475 702.4336
F 519 4
1 0 0.941438 753.0825 272.0118 1278.8123 710.8778
2 72 0.700894 237.3204 93.8860 759.3683 709.1008
62 67 0.256831 772.8286 435.9752 897.9310 598.4332
65 65 0.118383 766.1445 435.9593 932.8403 705.3847
F 520 4
1 0 0.941223 753.1613 271.8064 1278.6644 710.2187
2 72 0.756356 239.2260 96.3115 759.8586 709.0375
62 67 0.424412 773.5848 436.5846 895.8619 596.0018
65 67 0.364777 770.0776 437.0011 935.0601 704.0945
F 521 4
1 0 0.940573 753.8463 271.9536 1280.0836 711.1292
2 72 0.789233 238.0900 96.9152 759.3155 709.1785
62 67 0.190723 776.2051 434.4573 902.1567 598.5389
65 67 0.226785 775.2158 434.3151 945.0950 708.4763
F 522 3
1 0 0.948157 752.8564 271.5757 1279.2832 710.7293
2 72 0.721743 236.4030 95.4088 759.3495 709.5619
62 67 0.453262 775.6129 434.3487 901.4789 598.7797
F 523 4
1 0 0.947382 753.1445 272.7371 1279.0394 711.2383
2 72 0.680879 237.4093 92.8617 763.0650 709.7054
62 67 0.240777 775.5815 433.3640 901.0143 597.1810
65 67 0.314050 793.9056 433.2081 932.1031 650.2109
F 524 4
1 0 0.942292 753.8564 272.1663 1279.4867 710.4374
2 72 0.741675 237.3149 95.6154 760.5605 709.0981
62 67 0.265880 774.3136 434.5850 900.2245 599.6696
65 67 0.372048 776.7086 434.8701 936.6047 687.1498
F 525 4
1 0 0.946399 754.7658 273.5047 1279.8262 711.2921
2 72 0.744657 238.9641 99.1561 760.0452 709.0308
62 67 0.162379 777.8757 434.6382 903.7324 599.4136
65 67 0.392337 775.1875 435.8049 939.1835 695.8306
F 526 4
1 0 0.952041 755.0334 274.0768 1279.1016 710.7880
2 72 0.699254 238.8571 94.1964 764.0401 709.3370
62 67 0.196826 775.0978 434.4537 898.1674 595.9262
65 67 0.317426 777.7387 435.0051 945.6978 700.4096
F 527 4
1 0 0.950780 754.2029 274.1082 1278.5812 710.7617
2 72 0.791821 237.4553 97.6054 760.3695 709.2870
62 67 0.222700 775.2118 434.1149 899.8383 597.1774
65 67 0.403567 773.4246 434.1044 941.7063 701.5670
F 528 4
1 0 0.943553 755.1367 275.4251 1277.9514 710.3384
2 72 0.734120 236.5045 97.9168 759.0283 708.7708
62 67 0.152031 775.8884 434.1354 900.3044 596.8226
65 65 0.101586 774.4763 434.5739 942.9915 701.8421
F 529 4
1 0 0.945599 754.2040 274.9101 1278.5756 710.9246
2 72 0.685950 237.2162 97.0360 760.7557 708.7419
62 67 0.284576 776.6454 432.5755 901.2088 593.9635
65 67 0.290980 773.9102 433.3429 944.8077 702.6058
F 530 3
1 0 0.935349 756.1302 275.1113 1280.4912 711.3939
2 72 0.796925 236.0168 96.0382 760.8087 708.8979
65 67 0.209470 770.6762 433.7382 940.6761 701.6247
F 531 3
1 0 0.939025 756.4021 274.8407 1281.3291 711.9005
2 72 0.769078 237.4612 96.8164 761.5663 708.7931
65 67 0.157135 772.9749 432.2768 944.7684 701.8738
F 532 3
1 0 0.934875 757.7877 275.7980 1281.3304 711.9235
2 72 0.785308 240.0106 100.4180 761.7457 708.5891
65 67 0.144150 774.6401 430.6559 948.4775 701.8600
F 533 3
1 0 0.929948 758.4528 275.4024 1281.9904 711.9276
2 72 0.826710 239.1056 98.9582 762.8389 708.5134
65 67 0.123363 772.4774 432.0620 944.6799 701.6653
F 534 2
1 0 0.941007 758.7073 275.7352 1281.8767 712.2556
2 72 0.818738 237.6186 101.7017 760.2455 709.1478
F 535 2
1 0 0.934637 759.5315 275.6839 1282.0671 712.0451
2 72 0.766291 237.1530 99.9143 761.4689 708.7269
F 536 2
1 0 0.931959 760.4786 275.8183 1282.3840 712.2092
2 72 0.787931 235.4234 96.2525 762.4908 708.4031
F 537 2
1 0 0.942715 760.9282 276.0241 1282.2994 712.3504
2 72 0.832236 236.7141 98.6590 762.9091 709.1067
F 538 2
1 0 0.935113 761.5374 276.1748 1281.7974 711.8217
2 72 0.801936 237.7678 100.8999 762.3365 708.8794
F 539 2
1 0 0.935821 762.5886 276.7181 1281.7498 711.7842
2 72 0.810480 236.7891 100.4157 761.2546 708.4619
F 540 3
1 0 0.932453 762.2588 276.0868 1281.9351 711.9344
2 72 0.774583 235.5561 99.2303 760.7145 708.4706
65 67 0.392337 776.1409 424.5723 945.5519 693.1087
F 541 3
1 0 0.925768 763.0573 276.4178 1282.2122 712.2378
2 72 0.775945 237.3060 99.6015 762.5102 708.6409
65 67 0.174412 775.5191 422.9406 943.9277 691.1932
F 542 3
1 0 0.932453 763.9554 276.2883 1282.6871 712.2681
2 72 0.803174 234.4388 97.0945 761.0215 708.3762
65 67 0.338077 776.5171 420.4096 947.5549 694.7132
F 543 3
1 0 0.938577 763.1324 275.4891 1281.9368 711.7815
2 72 0.778650 236.7314 100.7673 760.7136 708.2773
65 67 0.139399 775.4415 419.7372 950.5358 701.6029
F 544 3
1 0 0.938801 763.7585 274.6044 1283.0026 711.9263
2 72 0.713831 235.3042 95.5421 763.7318 709.0695
65 67 0.272025 773.4871 419.3857 949.1577 704.3145
F 545 3
1 0 0.942292 763.7307 273.7744 1283.6492 712.3934
2 72 0.763481 236.7359 98.5210 762.3200 708.5439
65 67 0.216012 775.1682 418.9141 947.7132 700.9240
F 546 3
1 0 0.938801 764.6036 273.2986 1283.7288 711.9091
2 72 0.775945 239.9841 101.9834 763.8708 708.8387
65 65 0.127650 772.7009 417.5702 949.9254 707.5887
F 547 4
1 0 0.938577 763.5387 272.6289 1283.1486 712.1364
2 72 0.812868 238.2986 98.1517 766.1966 709.2814
65 67 0.100875 768.7098 415.9466 948.1941 711.6960
62 67 0.267409 783.8774 414.4555 909.4731 578.2257
F 548 4
1 0 0.939025 764.6658 272.5480 1283.3573 711.8918
2 72 0.794385 237.5824 95.8814 767.9555 708.9519
65 67 0.209470 773.8882 416.8965 949.3492 705.9984
62 67 0.345105 782.0740 415.9468 905.4898 576.7321
F 549 4
1 0 0.931461 764.9880 271.7833 1283.6063 711.7983
2 72 0.778650 237.2901 93.3769 770.1849 709.3198
65 67 0.297470 776.0770 416.7314 950.3434 703.4693
62 67 0.159216 782.1617 415.4737 905.8341 576.9465
F 550 3
1 0 0.934157 764.1685 271.5856 1283.1372 712.4231
2 72 0.795658 237.2254 95.9035 767.9078 709.1284
62 67 0.212069 782.9175 415.2507 907.5952 576.3484
F 551 3
1 0 0.940136 763.2577 271.2738 1282.3057 712.4941
2 72 0.752012 236.8349 95.3958 767.7089 708.8883
62 67 0.135691 782.8830 416.0284 907.9852 576.4467
F 552 3
1 0 0.944993 762.9374 270.7535 1281.4614 711.6937
2 72 0.817577 235.6720 97.0294 764.6705 708.7971
62 67 0.166676 785.9754 415.6396 914.2625 575.3909
F 553 3
1 0 0.939916 763.7997 270.7325 1282.1375 711.9672
2 72 0.834406 235.9007 101.1269 761.1081 708.2667
62 67 0.212069 784.6176 415.7214 915.1532 576.3527
F 554 3
1 0 0.939690 761.6078 269.8278 1280.8662 711.9064
2 72 0.749087 235.6266 98.3632 763.2811 708.2330
62 67 0.242207 779.9056 415.6443 910.3592 574.9968
F 555 3
1 0 0.947771 761.1114 269.7442 1280.3004 711.8010
2 72 0.752012 236.5656 96.9041 765.8751 709.2134
62 67 0.273575 780.4976 415.6741 913.6451 575.5454
F 556 3
1 0 0.932453 762.0509 269.3127 1281.4460 711.9266
2 72 0.740176 235.9846 96.4346 766.3115 709.5853
62 67 0.267409 778.3091 414.0836 911.1287 574.6946
F 557 3
1 0 0.938801 761.7321 268.0889 1282.1509 712.0570
2 72 0.760648 238.3636 100.8828 765.0262 708.5684
62 67 0.171063 774.6746 413.1158 907.3576 574.6401
F 558 3
1 0 0.937899 759.9499 264.2593 1284.1641 712.5184
2 72 0.638835 234.6871 95.7766 764.7183 708.8431
62 67 0.256831 773.3409 411.5616 903.7599 571.5857
F 559 3
1 0 0.942504 760.1928 264.2279 1283.9271 712.7740
2 72 0.769078 233.5623 96.6623 762.2893 708.6171
62 67 0.267409 772.2750 410.7668 903.9693 573.1837
F 560 3
1 0 0.944585 758.7853 264.0823 1281.9592 712.3745
2 72 0.680879 233.7966 97.1733 761.2948 708.2010
62 67 0.300746 772.4148 412.4844 903.2021 573.4718
F 561 3
1 0 0.941653 759.4496 263.3120 1282.3281 711.8080
2 72 0.816406 235.8820 100.3455 761.0111 708.3758
62 67 0.379378 769.8088 412.5269 900.1201 573.6031
F 562 3
1 0 0.944585 758.2929 263.3752 1280.9193 711.7582
2 72 0.735642 235.2896 93.8444 765.9475 709.2720
62 67 0.209470 772.5297 409.2517 906.9847 574.1211
F 563 3
1 0 0.943136 757.1046 262.5989 1280.3225 711.5756
2 72 0.764889 233.9693 97.9051 760.5925 709.2790
62 67 0.540924 770.9385 411.0142 901.4874 571.2552
F 564 3
1 0 0.943136 758.3818 262.3277 1282.1833 712.4977
2 72 0.783988 239.1844 103.1101 761.5957 708.6173
62 67 0.284576 774.2234 412.3257 907.2650 573.1147
F 565 3
1 0 0.939690 756.6041 261.9179 1280.6339 712.2705
2 72 0.773215 234.8987 100.4220 759.2860 708.5320
62 67 0.173290 777.7897 413.7721 913.7297 575.0562
F 566 3
1 0 0.941438 756.3806 261.1247 1281.4224 712.7599
2 72 0.811677 237.0699 103.1984 759.8529 708.5010
62 67 0.249447 774.9655 414.2828 912.4457 576.0851
F 567 3
1 0 0.939025 757.2318 261.1753 1281.3809 712.2843
2 72 0.769078 236.6996 102.7469 759.7072 708.3248
62 67 0.422505 765.0892 414.0229 901.3047 575.8963
F 568 4
1 0 0.944174 756.7178 261.2166 1280.7317 712.2667
2 72 0.801936 236.7111 102.0625 760.8328 708.7559
62 67 0.228158 769.2244 415.0794 905.9729 577.2248
65 67 0.284576 775.8360 415.3497 937.0644 675.7332
F 569 4
1 0 0.944789 756.7495 260.7559 1281.0153 712.2595
2 72 0.799442 236.6450 101.1291 761.5005 708.5893
62 67 0.295840 766.4286 413.4353 903.4078 576.6503
65 67 0.185947 768.9050 413.1508 937.1827 684.3275
F 570 4
1 0 0.946200 755.4796 260.4338 1279.5305 711.5963
2 72 0.778650 234.8229 101.5925 758.3491 708.3610
62 67 0.224055 763.4073 412.1536 899.7421 574.6977
65 67 0.117572 766.2665 411.2989 942.5185 693.1826
F 571 4
1 0 0.935349 755.2880 260.1642 1279.4373 711.3457
2 72 0.803174 235.8274 100.4387 760.3471 708.4407
62 67 0.339827 762.4041 412.9718 897.3482 574.7783
65 67 0.102302 776.2777 412.0484 921.1667 630.2887
F 572 3
1 0 0.937671 755.3746 259.2533 1281.1635 712.2443
2 72 0.762068 234.6091 100.1632 758.8339 708.3069
62 67 0.261330 763.3096 413.4739 896.8044 573.8202
F 573 3
1 0 0.946399 754.6616 258.7606 1280.8474 712.2559
2 72 0.709020 235.2691 98.2408 761.1148 709.0832
62 67 0.310694 766.1121 412.8272 899.7933 573.4632
F 574 3
1 0 0.947577 756.1057 259.5819 1281.0872 712.2595
2 72 0.695958 235.4930 94.2194 764.7341 709.5414
62 67 0.242207 763.8643 413.5273 894.3422 571.3522
F 575 3
1 0 0.937214 756.8403 259.4149 1281.8284 712.5077
2 72 0.766291 234.2033 96.3309 760.8101 709.0540
62 67 0.117572 768.0720 414.9624 903.6034 577.1410
F 576 3
1 0 0.938352 756.0579 258.8690 1281.6859 712.8480
2 72 0.771842 234.9279 100.1317 758.0089 709.0300
62 67 0.171063 766.6520 413.6252 900.7291 573.9500
F 577 3
1 0 0.939690 755.3931 258.8398 1279.9387 711.8198
2 72 0.759223 234.7708 99.0933 758.8831 709.1852
62 67 0.175540 766.8954 412.7096 901.9572 574.1164
F 578 2
1 0 0.938352 757.3091 259.5027 1281.3273 712.4197
2 72 0.729520 234.9028 99.0303 758.7051 708.7469
F 579 3
1 0 0.942080 757.3366 259.2680 1281.3992 712.4819
2 72 0.757793 236.5150 96.0325 762.8710 708.7454
62 67 0.309023 764.4804 411.6743 900.7208 575.6459
F 580 3
1 0 0.932944 758.2095 259.5173 1281.8821 712.8345
2 72 0.760648 234.4816 97.2145 758.9247 708.0856
62 67 0.131172 767.1158 413.7235 916.6576 593.5401
F 581 3
1 0 0.934875 756.1440 259.7840 1279.4191 712.4709
2 72 0.827826 234.5673 99.6587 756.8917 708.4974
62 67 0.265880 765.9264 412.6068 906.3616 582.1241
F 582 3
1 0 0.942926 757.9651 259.7251 1281.0879 712.6618
2 72 0.754914 234.4196 97.7729 757.5594 708.4901
62 67 0.176673 766.9261 412.7459 903.2668 576.0253
F 583 2
1 0 0.940136 758.4728 260.6978 1280.2529 712.5677
2 72 0.771842 233.7323 96.0710 757.9642 708.6533
F 584 2
1 0 0.937899 759.1861 260.2419 1281.3960 712.8615
2 72 0.738670 234.2517 97.5780 756.6926 708.2208
F 585 3
1 0 0.933189 759.3732 260.8956 1280.5829 712.8059
2 72 0.805633 235.1700 100.3079 755.6700 708.5535
62 67 0.627952 748.7906 410.2454 948.0383 655.7800
F 586 3
1 0 0.930960 759.7844 261.4741 1279.8430 712.3697
2 72 0.785308 235.9688 99.1870 757.9093 708.8461
62 67 0.564099 747.8766 408.6702 957.4504 672.7110
F 587 3
1 0 0.938577 760.3992 262.5173 1279.3463 712.3693
2 72 0.759223 236.4150 98.5936 758.4507 708.6258
62 67 0.237932 746.3063 407.5864 964.7490 689.3022
F 588 2
1 0 0.941007 762.9614 262.9057 1280.9603 712.2869
2 72 0.753466 236.2583 96.2198 760.8793 709.3677
F 589 2
1 0 0.933432 763.2312 263.0441 1280.6016 712.0909
2 72 0.782663 236.3855 97.6348 759.7896 708.9875
F 590 3
1 0 0.940354 763.7423 262.7569 1280.7800 711.7698
2 72 0.825588 236.6014 101.3209 757.2950 708.8404
62 67 0.397938 754.7228 411.6647 955.3679 675.4564
F 591 3
1 0 0.932699 765.9907 263.9635 1281.7488 712.3118
2 72 0.734120 235.2526 96.5850 759.1852 709.1151
62 67 0.270480 752.9857 405.1800 950.8972 672.1445
F 592 3
1 0 0.938801 767.9868 264.7424 1282.1017 712.1050
2 72 0.775945 235.6460 93.5685 762.7867 709.8765
62 67 0.447460 759.6876 403.7929 953.7777 668.7689
F 593 3
1 0 0.942080 770.8589 265.4386 1283.7225 712.6891
2 72 0.819894 236.1092 96.1415 760.9523 709.1749
62 67 0.149036 760.5520 406.1260 950.6442 669.5771
F 594 3
1 0 0.932207 771.8318 266.6800 1282.4988 712.3306
2 72 0.804406 238.7911 101.2729 759.6334 709.3998
62 67 0.225417 758.8828 407.5620 947.5331 672.5518
F 595 4
1 0 0.932453 772.3945 266.6361 1282.9475 712.7734
2 72 0.717012 238.4084 98.7380 761.2653 708.6547
62 67 0.152031 763.4327 412.8642 944.0891 669.5060
74 72 0.334589 693.2391 182.4250 1275.5608 710.4500
F 596 3
1 0 0.941438 774.0476 268.4214 1281.6305 712.1129
2 72 0.781331 240.2596 99.5942 763.6674 708.5398
62 67 0.132066 762.3682 408.5756 953.7332 684.2200
F 597 3
1 0 0.931959 774.9354 268.9951 1281.8169 712.5248
2 72 0.782663 238.4590 98.2612 762.9207 708.3325
62 67 0.322526 765.6808 403.9643 951.6011 673.2194
F 598 2
1 0 0.936521 774.1042 269.1894 1280.6943 712.5147
2 72 0.769078 237.6671 98.5804 762.9709 709.0822
F 599 2
1 0 0.933189 776.0534 270.6475 1280.7006 712.4275
2 72 0.799442 237.0205 102.0046 759.3551 708.7063
F 600 2
1 0 0.935821 776.3029 269.8507 1281.8204 712.9738
2 72 0.750553 238.6726 102.3022 761.7936 708.7291
