F 1 4
0 0.850037 43.9881 249.9064 162.2069 548.9971
0 0.770251 1093.4125 278.3009 1202.4281 567.0600
72 0.524492 100.8221 25.1200 499.8917 475.0908
79 0.210973 756.7555 637.4138 804.2206 687.9564
F 2 5
0 0.854703 45.1648 245.0150 164.0874 544.9180
0 0.803399 1088.5182 274.8533 1196.5612 563.2357
72 0.553045 98.7503 25.2593 499.6347 474.6757
70 0.171371 1026.4956 418.4110 1078.2143 468.6497
49 0.150577 731.1950 62.2065 780.8174 113.5723
F 3 5
0 0.848004 49.5102 252.6739 168.1588 553.0802
0 0.786101 1089.2338 272.8218 1198.0752 562.4294
72 0.544938 101.5425 23.3530 500.7479 473.9999
7 0.118426 1021.7835 608.6072 1071.2831 661.6542
52 0.229907 677.6178 136.5595 725.3896 186.5365
F 4 4
0 0.836693 52.3564 250.6378 172.3081 551.9746
0 0.789804 1087.7209 276.2801 1198.8876 563.6983
72 0.517334 98.4640 23.4146 498.1596 472.5147
69 0.148189 722.7353 447.8290 772.3235 499.2340
F 5 3
0 0.865597 50.3974 250.8961 170.4679 548.7872
0 0.807795 1082.0913 276.8548 1192.4768 567.0334
72 0.470449 100.4471 22.8208 499.3157 473.1837
F 6 3
0 0.797617 55.7345 248.1781 177.2925 548.4400
0 0.753895 1084.3641 278.1573 1194.2325 567.6095
72 0.492007 99.2963 26.1242 498.7534 476.0730
F 7 5
0 0.831218 55.0986 251.5482 174.7905 553.4801
0 0.800400 1078.7714 274.3387 1187.6510 564.3546
72 0.481237 100.1035 22.7944 499.2967 474.4485
67 0.115737 735.1833 323.4458 783.9191 369.9238
60 0.187934 775.6194 139.0411 825.3336 186.8246
F 8 4
0 0.813517 62.3794 249.0196 182.9627 548.9520
0 0.786766 1076.6859 276.4116 1186.0822 566.1087
72 0.501111 100.9852 25.9623 501.3678 475.3987
8 0.194902 50.5104 219.6715 102.3532 268.7603
F 9 3
0 0.895449 59.5129 250.8498 180.5007 552.5971
0 0.856370 1079.8576 271.8928 1186.4802 563.5265
72 0.449249 100.8095 26.8947 499.1657 474.7847
F 10 3
0 0.851332 65.3689 251.5906 183.6479 548.5636
0 0.795000 1070.5509 271.7744 1181.5623 561.6516
72 0.520326 99.5102 24.7853 498.5112 473.8986
F 11 3
0 0.860682 69.5723 253.1624 186.7867 554.9382
0 0.797315 1071.2321 271.3571 1180.3117 562.8435
72 0.495876 99.5038 24.7200 500.6583 474.6985
F 12 5
0 0.829238 66.5925 242.1636 185.5323 544.8307
0 0.801414 1065.1243 272.9610 1177.3855 563.2762
72 0.502400 99.5438 24.7621 500.3492 475.3147
24 0.216591 753.9749 142.0783 803.9602 189.4290
36 0.201825 941.7457 531.8096 992.2465 581.6869
F 13 3
0 0.852497 70.5245 248.2732 190.1680 550.6494
0 0.810033 1066.9441 278.4474 1175.8336 567.6685
72 0.409162 101.1107 25.6299 502.0275 476.2988
F 14 3
0 0.856465 74.4417 248.0810 194.5503 551.1046
0 0.816671 1064.7181 272.2385 1173.4481 565.4439
72 0.525334 100.6221 24.6872 499.5130 474.6204
F 15 5
0 0.843183 78.6509 250.4546 195.4649 549.9838
0 0.774368 1063.1921 271.9344 1174.3462 564.9832
72 0.484320 99.3994 25.6882 499.3974 474.6946
60 0.207676 106.5173 314.7360 154.3034 367.2953
17 0.163702 90.5601 643.4277 144.4647 693.0343
F 16 5
0 0.832210 75.8144 249.1238 198.7727 551.0430
0 0.771737 1057.7970 274.1970 1168.3815 563.7863
72 0.510723 100.3168 24.5979 500.2767 474.8045
63 0.222281 235.2325 111.6964 281.3392 158.8783
54 0.129094 621.2622 329.7635 672.5358 384.2790
F 17 5
0 0.856508 80.9975 247.8357 200.8853 547.4821
0 0.765454 1056.7206 271.6355 1168.9448 563.7608
72 0.554238 99.5920 25.7089 499.4599 475.3201
66 0.146121 1132.4049 123.9683 1178.9386 172.4001
47 0.212513 360.9402 523.4655 408.5134 571.6039
F 18 5
0 0.874164 84.5800 245.6039 207.2754 546.7999
0 0.840300 1055.7591 271.8717 1163.5061 566.9455
72 0.491227 101.5056 25.1884 501.6695 473.5170
58 0.111866 687.4656 370.0737 736.5474 419.9747
5 0.110383 721.5476 164.1951 773.3133 211.1363
F 19 4
0 0.850105 85.3466 248.5639 207.0535 547.5275
0 0.844949 1051.8676 276.5270 1161.4130 565.0190
72 0.529384 99.8687 26.1461 499.8214 475.0603
70 0.147325 998.2841 264.3062 1046.1211 310.6934
F 20 4
0 0.848223 93.2994 247.6944 211.1233 546.2078
0 0.766115 1052.4804 272.8020 1161.0373 563.9686
72 0.462224 101.0388 24.9463 499.8267 473.1109
61 0.224470 471.1620 195.8526 519.0842 242.7377
F 21 5
0 0.819641 89.0102 252.4552 210.6510 550.5326
0 0.758287 1050.9100 277.2556 1155.2708 568.3089
72 0.446212 101.1831 24.6752 500.8977 473.1689
47 0.162327 94.9389 447.7030 144.8771 497.5349
65 0.136139 585.3696 353.0165 639.1031 402.7425
F 22 3
0 0.827011 95.6125 248.8434 214.1276 548.7261
0 0.768701 1047.5622 274.9751 1158.0622 564.6092
72 0.463637 99.3264 24.6458 498.7777 474.8797
F 23 6
0 0.852014 95.1086 250.8423 214.5199 546.6918
0 0.802745 1045.1263 275.0576 1154.2776 564.3103
72 0.451173 99.6845 25.0495 499.7761 473.8453
27 0.324144 246.7424 210.8571 303.4132 271.7780
33 0.214358 213.9301 598.8297 264.7914 649.2432
78 0.208109 276.8465 613.1126 328.7316 662.8181
F 24 4
0 0.774024 102.0509 247.6506 219.4580 546.3807
0 0.838178 1039.7103 273.9480 1153.2063 567.1360
72 0.494832 100.1057 23.5265 499.4112 473.9518
76 0.147136 116.8391 107.7495 168.9810 158.5436
F 25 5
0 0.840718 104.8638 247.4141 221.5849 548.5755
0 0.798346 1040.9819 272.2045 1150.2517 561.0048
72 0.456789 97.2963 24.4746 498.1936 474.8556
33 0.214105 163.1419 345.1747 216.5433 397.4448
10 0.138396 925.3529 399.9831 977.1654 453.8980
F 26 4
0 0.845222 103.5600 250.4273 226.2464 550.3666
0 0.844081 1036.0649 273.8414 1145.6685 565.4144
72 0.552263 98.3221 24.4142 498.6590 473.7555
35 0.140321 386.4410 73.1825 438.6338 121.3591
F 27 3
0 0.824376 107.2339 248.3352 228.5848 548.8554
0 0.772311 1034.8299 274.9300 1146.6616 563.6649
72 0.478041 100.2117 27.2070 502.2107 477.2702
F 28 4
0 0.846267 107.5958 251.0629 228.4988 549.4046
0 0.750613 1031.2849 276.4722 1139.7682 566.1895
72 0.510628 100.3698 25.1101 500.8685 474.2201
62 0.179957 911.2433 391.5088 962.6443 438.3175
F 29 3
0 0.818884 110.7881 255.1761 232.6995 554.9532
0 0.821360 1035.6813 273.3206 1144.9485 565.7445
72 0.524709 99.7092 23.6370 501.6334 475.3466
F 30 5
0 0.870529 111.1396 250.8415 230.7514 551.7093
0 0.820474 1027.9495 272.3604 1138.6853 560.8777
72 0.483490 100.5503 24.0500 498.2407 475.2669
28 0.237493 909.5662 94.6401 958.5625 144.7993
38 0.122723 562.6398 435.2010 612.4937 484.1214
F 31 5
0 0.831626 112.2890 247.9603 235.9800 551.9212
0 0.839655 1026.7689 273.7032 1139.6544 563.5909
72 0.496556 99.9264 25.1339 499.4912 475.0501
31 0.203035 325.8566 113.1279 373.6290 162.7136
24 0.199731 589.0734 105.8243 639.2389 154.7842
F 32 4
0 0.894709 116.6254 247.9962 235.5671 549.3233
0 0.818188 1026.6399 272.1452 1138.1409 561.5587
72 0.466719 101.5780 24.2650 499.5011 473.8948
32 0.209663 1077.6562 637.8916 1126.1440 686.0528
F 33 4
0 0.813465 125.3481 248.0126 241.3934 549.4065
0 0.796657 1022.4820 275.1734 1133.7453 565.2495
72 0.561810 100.2200 26.1204 500.6299 474.6637
24 0.206497 468.4519 223.2357 515.0342 272.6732
F 34 5
0 0.847310 124.2046 249.6326 242.9222 550.7359
0 0.778264 1017.5513 277.9653 1132.6947 565.9500
72 0.476775 99.7342 26.0265 498.5861 475.5421
16 0.238810 360.1428 399.6409 410.4393 449.2694
70 0.198335 420.5843 227.1075 471.8467 275.9497
F 35 5
0 0.814923 125.6754 251.7374 246.1158 554.0559
0 0.785620 1020.0337 271.3106 1129.7189 566.2833
72 0.538357 99.3357 24.3100 499.6619 475.5204
48 0.290687 97.3712 137.4256 158.0046 199.0514
26 0.146620 125.8365 519.7121 179.4108 567.8577
F 36 6
0 0.846667 131.3577 251.1807 250.4831 551.7953
0 0.791662 1017.1825 274.7569 1124.8993 564.7147
72 0.543858 98.7006 25.2938 499.3654 474.2240
17 0.396878 333.1070 521.7380 393.3490 581.9422
57 0.127938 869.1892 336.6916 917.8439 387.2459
35 0.231478 617.7737 79.8727 669.5738 131.2710
F 37 4
0 0.854445 133.0939 252.7791 252.1797 551.3661
0 0.794344 1014.7864 272.8650 1127.1700 561.5865
72 0.444963 101.9102 25.0825 500.6099 474.7237
78 0.175465 90.9422 292.0896 140.8785 341.0175
F 38 4
0 0.835236 135.6996 250.4857 254.5686 549.6338
0 0.833400 1010.6258 276.1813 1123.0295 567.3590
72 0.613544 99.3338 24.8805 499.0156 476.7363
48 0.229622 90.1213 524.7031 141.0315 576.0092
F 39 5
0 0.847664 138.9208 246.5151 260.1884 544.4470
0 0.828760 1008.3687 274.1338 1119.1165 562.3111
72 0.454362 98.1843 24.4618 498.6811 475.4848
23 0.117623 178.6261 521.2040 228.1386 570.8823
59 0.126408 713.8918 284.7798 764.6094 335.5630
F 40 3
0 0.837380 142.2648 249.7829 265.8187 551.7012
0 0.780132 1006.1745 275.8227 1116.2968 565.9217
72 0.485690 99.3006 24.5887 497.0825 474.9605
F 41 5
0 0.828537 143.4934 252.2939 260.6294 548.7967
0 0.768018 999.1257 274.1229 1112.3074 562.0097
72 0.532570 98.7882 25.3290 498.4685 475.2692
69 0.154606 628.1814 95.3204 679.8454 145.2330
64 0.200791 524.5924 282.0389 574.0606 329.2790
F 42 5
0 0.853569 150.9899 253.1634 268.7719 551.4167
0 0.787858 1005.2991 272.4723 1113.9186 564.2418
72 0.543233 100.4011 24.2317 498.8513 473.5327
24 0.176845 245.3130 249.6629 297.0515 301.9786
3 0.146040 696.4367 32.7058 741.6259 80.4921
F 43 5
0 0.841913 146.7744 250.5459 267.3173 550.1186
0 0.834107 996.8358 274.8672 1105.4067 565.1322
72 0.511038 98.6919 24.1845 499.4845 474.5336
47 0.237713 572.3579 503.9071 622.8000 553.4909
7 0.108021 869.7243 146.2954 917.3200 196.1963
F 44 5
0 0.823176 149.2726 251.5789 270.0044 552.5884
0 0.810683 998.6262 273.9862 1108.0105 565.5045
72 0.445788 101.7151 25.2787 500.9664 474.7895
33 0.181539 715.2730 613.4037 761.2560 663.3240
30 0.198860 578.8018 533.5841 629.4388 583.5923
F 45 4
0 0.881682 157.2661 252.2385 277.5449 552.9478
0 0.818512 994.7222 273.8298 1104.8271 561.9353
72 0.496927 100.5216 27.4019 499.6706 477.2801
73 0.212130 211.1726 319.0501 262.2455 369.1414
F 46 5
0 0.819537 153.7508 250.6563 274.7581 549.4696
0 0.792487 988.5454 274.8854 1101.7808 560.5091
72 0.483110 100.6233 24.6562 499.8151 474.5951
21 0.394759 893.1051 100.5803 954.3865 162.3739
49 0.217838 450.7923 85.2908 500.4440 136.9409
F 47 5
0 0.809004 158.2876 250.6804 277.5501 547.1974
0 0.773284 990.5690 276.8572 1102.5490 566.6966
72 0.490536 99.2931 25.0994 499.0455 475.7053
30 0.170605 889.6581 429.9728 942.2686 480.4261
4 0.117251 653.8216 54.3934 703.1468 104.9626
F 48 4
0 0.869199 161.1790 251.0630 283.5498 553.7869
0 0.819842 986.0243 275.1212 1096.6521 564.3549
72 0.545563 98.9176 23.7413 500.3619 474.4073
57 0.165342 512.1146 250.5932 560.1462 300.9905
F 49 3
0 0.885766 159.5022 248.1818 283.5582 547.2789
0 0.763011 988.3804 275.0609 1096.9703 566.6418
72 0.475634 98.6917 25.4955 499.4624 474.8617
F 50 4
0 0.934733 163.6352 252.8951 283.5305 552.6416
0 0.821650 986.4593 278.1344 1097.1166 566.9336
72 0.473118 99.8106 25.3717 501.2087 475.7901
13 0.162578 288.6586 476.9952 336.9638 529.4589
F 51 4
0 0.867572 171.0329 252.2062 290.8282 551.8062
0 0.802555 983.1832 272.3292 1093.1179 565.5478
72 0.414893 100.1650 23.6731 500.3520 474.5130
8 0.148354 745.7196 311.0314 790.5485 359.5193
F 52 5
0 0.856615 172.8503 251.9872 293.3656 549.1619
0 0.842934 984.4339 276.6762 1093.9944 563.4381
72 0.544166 102.0704 25.4461 503.3341 475.9882
27 0.150797 959.4280 113.6049 1010.2016 162.0819
78 0.204499 180.9909 205.6131 230.0107 251.9080
F 53 3
0 0.809576 168.8217 248.3574 289.6377 552.3717
0 0.755074 977.2576 277.1522 1086.8240 566.4982
72 0.585458 100.3201 23.6760 499.0031 474.0117
F 54 4
0 0.820438 176.7126 250.5323 295.4262 551.7767
0 0.817156 972.2187 274.9489 1083.0490 563.8028
72 0.393053 98.9268 26.8475 500.5072 474.6567
36 0.216203 376.1279 440.3118 427.3811 488.8814
F 55 5
0 0.774319 181.3397 252.3278 304.9759 550.5046
0 0.844025 977.2009 279.3116 1087.1585 566.9066
72 0.491134 97.7513 23.7937 497.8432 472.8023
58 0.161746 444.7128 336.0835 494.0391 387.9039
63 0.146923 296.0520 610.6948 344.5478 661.1465
F 56 5
0 0.823080 176.2462 245.1659 299.1557 549.8907
0 0.814491 970.7017 275.6084 1080.0331 567.2112
72 0.514550 100.5695 25.8095 499.9900 475.4051
52 0.164561 40.4002 470.1322 87.5600 518.5056
0 0.194637 1194.0686 521.1117 1241.0404 574.1104
F 57 4
0 0.830314 175.3614 256.3335 298.5174 554.2697
0 0.805070 970.6543 275.8859 1077.6877 564.5229
72 0.523398 100.1828 25.0246 500.2626 477.3738
42 0.201498 147.3854 139.1727 197.2619 187.0836
F 58 4
0 0.839553 183.2179 248.3729 304.7251 549.6776
0 0.782677 965.6858 274.5364 1075.4858 566.5930
72 0.632765 100.9289 25.3936 500.7569 474.5369
51 0.109725 456.4440 520.0246 505.6460 569.6297
F 59 5
0 0.813452 189.0003 250.2171 312.5780 551.8109
0 0.844689 961.9975 277.6579 1077.4085 565.2108
72 0.558813 101.3153 24.7813 502.0806 476.0609
29 0.114475 977.4520 357.8088 1028.3781 404.9070
1 0.220170 996.0726 223.9435 1047.1949 274.7864
F 60 4
0 0.798368 193.4118 254.9568 309.6253 556.9962
0 0.811355 963.9848 277.6469 1071.5576 567.9811
72 0.575098 99.7389 24.7991 499.8569 474.3424
2 0.779458 119.4230 56.1063 276.8496 147.4814
F 61 5
0 0.849816 188.7249 250.2350 311.8880 547.9379
0 0.767301 962.1770 274.9058 1075.3465 565.5710
72 0.454647 99.4481 26.2637 500.4156 476.2646
2 0.702507 120.7827 55.3033 284.7545 145.3181
61 0.162820 364.1004 264.6554 410.6590 311.9785
F 62 5
0 0.874642 192.7619 250.1031 315.2671 551.4389
0 0.800636 963.3404 275.6203 1072.6115 567.1257
72 0.520967 99.2048 26.0858 499.0352 474.0642
2 0.691137 127.1090 57.4634 283.7268 146.7341
6 0.217361 67.6958 148.0969 116.2723 197.0469
F 63 6
0 0.883101 196.4832 248.3111 316.9379 550.4679
0 0.732061 955.8121 273.8080 1063.5832 562.0524
72 0.456923 100.2464 23.8822 500.3720 474.2936
2 0.662597 128.9377 63.5080 289.5978 152.2021
51 0.323309 289.4505 73.6413 349.0226 135.9159
4 0.226124 1128.4379 145.4709 1177.6198 194.4110
F 64 6
0 0.833104 199.4793 249.2540 319.8583 553.3697
0 0.806414 956.4892 276.9970 1067.7004 564.1098
72 0.493647 101.0075 24.3167 498.8546 475.1974
2 0.680642 131.3519 60.0826 290.8958 150.8968
56 0.122653 1064.3462 146.9691 1114.2295 199.3306
27 0.169863 593.8949 507.7853 640.4318 555.2057
F 65 5
0 0.837708 201.7498 251.1049 321.9486 546.8346
0 0.814860 949.5742 274.8345 1058.7485 562.5221
72 0.431450 98.6989 24.7060 499.2889 475.2702
2 0.650275 132.9670 62.6962 293.8667 148.6214
28 0.128693 806.6885 391.4046 856.9573 443.8638
F 66 4
0 0.887355 204.6363 252.7915 324.9658 552.9653
0 0.772356 950.5351 275.9055 1057.9098 567.2048
72 0.517431 100.3292 22.4694 500.2259 473.1176
2 0.661852 137.5092 59.9063 298.8520 148.5814
F 67 6
0 0.794716 208.0769 250.4518 329.6921 548.6004
0 0.781446 952.7909 273.6167 1061.3789 563.0635
72 0.448872 101.5425 27.5880 500.8384 475.8620
2 0.758599 142.0603 68.0108 304.3733 156.2758
17 0.398523 311.0065 307.5372 369.7256 369.1329
49 0.229961 1013.3026 111.6891 1061.7553 163.7220
F 68 4
0 0.854199 208.5506 248.9442 327.0393 549.5368
0 0.803291 949.2644 276.0123 1056.1374 566.8263
72 0.544847 100.7307 26.5055 500.1811 475.5546
2 0.746504 140.8438 63.4051 302.8944 151.9567
F 69 4
0 0.808061 210.2096 247.3168 329.4883 548.0568
0 0.731066 945.7707 271.9581 1053.6380 563.3139
72 0.496268 98.8939 26.7209 498.0333 476.9683
2 0.709995 148.8146 68.3306 310.8307 156.8468
F 70 5
0 0.839134 218.6822 248.3919 338.9017 552.8760
0 0.810841 940.5494 275.3409 1048.1860 567.5976
72 0.560299 99.3388 24.3650 499.5153 474.3792
2 0.651116 151.5690 66.3202 310.7033 155.5123
64 0.375146 820.5679 543.1562 877.8343 600.7900
F 71 5
0 0.821085 216.5958 250.5636 338.6610 553.6844
0 0.791111 936.3201 275.9171 1046.9393 568.1650
72 0.500553 100.8374 25.5946 501.5539 476.0981
2 0.719885 152.4759 72.4638 314.4563 161.4398
14 0.134347 920.0956 530.4762 974.1601 579.8575
F 72 5
0 0.811683 216.4166 249.1588 340.7270 549.5723
0 0.828041 933.9253 273.9036 1045.2683 567.5068
72 0.465186 101.1143 25.3123 500.0926 475.2929
2 0.686826 150.8090 74.6363 311.8895 163.7584
70 0.137805 995.4271 178.3044 1044.9448 228.1793
F 73 6
0 0.847432 222.3735 252.3817 342.6212 552.0742
0 0.791704 935.5853 273.2625 1044.5800 563.1580
72 0.471708 98.8795 23.7247 500.8835 475.0538
2 0.722498 158.5698 78.9684 319.2157 168.7947
29 0.221813 616.4349 252.3562 664.4312 305.9904
72 0.122673 476.9918 63.8111 526.2995 111.0213
F 74 6
0 0.854119 225.4817 249.6880 344.1128 548.9162
0 0.777608 935.1886 278.1479 1041.3272 567.9159
72 0.479091 100.5656 24.5680 500.4192 473.5284
2 0.734835 161.8284 75.9235 322.5687 165.4306
56 0.208330 480.4959 157.7759 528.9338 210.8705
72 0.231902 884.0180 372.7749 934.0804 420.2145
F 75 5
0 0.813688 229.4037 248.0045 349.2607 549.2627
0 0.824397 930.1514 273.3409 1038.5006 566.8356
72 0.532497 98.5400 24.7644 499.2535 475.2438
2 0.791459 167.8338 77.7029 327.6555 165.1398
8 0.117136 41.2182 644.2193 88.7061 692.4849
F 76 6
0 0.839031 231.5729 248.8816 349.7944 550.4570
0 0.783811 927.5874 271.5889 1036.0154 562.8925
72 0.419117 100.1174 25.5978 499.7403 475.8376
2 0.644160 170.3851 82.9572 330.8561 169.4470
1 0.116101 785.7027 78.1527 835.7050 128.9989
34 0.202753 738.0820 145.5547 788.7831 194.2461
F 77 5
0 0.778875 234.5938 248.1977 353.6405 552.4246
0 0.804167 925.1332 275.9640 1033.0531 564.4406
72 0.519318 98.6113 24.1192 500.2803 474.9789
2 0.740141 170.6010 81.4879 333.5142 171.4489
38 0.103170 1023.7532 510.5610 1072.4266 560.5716
F 78 6
0 0.839224 233.4621 249.3533 353.5835 545.8892
0 0.803316 924.4528 275.0688 1032.4310 562.3002
72 0.593566 98.3579 26.7397 498.9581 476.3757
2 0.642146 177.0190 85.7580 335.1510 175.1606
2 0.112398 234.7343 562.8915 283.2737 608.4755
53 0.188457 464.9367 119.3039 518.1092 169.1774
F 79 5
0 0.881184 238.4586 249.3789 358.6137 549.4362
0 0.772519 922.4562 271.2743 1034.7985 563.1832
72 0.495348 98.9982 24.4020 499.4709 475.1451
2 0.714346 178.7497 83.9535 339.2188 170.8168
0 0.120840 1154.3747 238.4967 1201.4646 290.6301
F 80 6
0 0.924672 239.2140 249.7983 358.7119 550.5000
0 0.819336 920.0028 273.9567 1033.1460 562.0936
72 0.513854 101.6279 26.0642 500.6893 475.3622
2 0.676883 181.1895 86.8272 338.6059 177.7606
54 0.138572 241.8724 150.2961 295.4586 196.4965
61 0.145460 936.8736 35.3411 986.1098 83.9665
F 81 5
0 0.864825 239.2835 253.1111 359.8274 552.6153
0 0.778717 915.7699 272.7338 1024.6812 562.7459
72 0.491132 99.0321 24.6542 498.1389 474.8141
2 0.793233 185.8749 87.2885 342.6252 174.4590
23 0.106975 326.8549 619.0850 375.4850 668.4031
F 82 5
0 0.825810 247.8821 249.3362 365.6162 546.5609
0 0.757746 916.5372 279.1867 1024.5464 571.0898
72 0.512555 99.0144 25.0687 498.7815 474.3779
2 0.796530 181.8562 89.3417 342.5193 178.1825
5 0.153579 244.8112 554.1442 299.3678 606.1058
F 83 5
0 0.880410 245.4955 250.3503 363.8715 549.1759
0 0.829011 912.7008 274.8982 1018.8836 564.5814
72 0.504501 98.3520 24.8850 500.2384 473.6752
2 0.647469 185.2804 91.5655 349.4835 182.2298
18 0.234799 831.9411 232.9228 883.2333 284.4223
F 84 6
0 0.896626 248.2723 253.1302 367.5219 551.5946
0 0.803080 911.3686 273.9671 1018.1740 562.0829
72 0.572618 101.3696 25.9085 502.5555 475.3917
2 0.696142 193.5555 88.7402 351.5756 178.9346
37 0.123801 48.9716 594.7756 99.2270 644.4317
4 0.124401 1187.0463 611.5337 1236.2601 660.7046
F 85 5
0 0.855153 250.8127 248.7955 372.3787 549.1517
0 0.765009 911.2430 276.1622 1020.0951 567.8248
72 0.463242 101.5271 24.9687 500.7243 474.5956
2 0.661708 195.3485 93.4068 355.4201 182.2936
58 0.125460 922.3013 166.1038 972.8491 215.3249
F 86 4
0 0.844604 255.3177 249.8254 374.1501 547.9776
0 0.835645 906.0189 276.8404 1015.5188 566.9847
72 0.491481 100.3430 26.1635 500.5827 475.4897
2 0.661002 201.6094 91.9749 361.0272 184.9049
F 87 5
0 0.866015 256.3082 254.1594 377.0942 555.2534
0 0.794867 900.3644 271.9386 1011.1784 562.7223
72 0.488000 98.9922 24.2864 498.6644 472.8303
2 0.744946 202.4270 101.7509 364.1836 190.5652
69 0.225854 510.7633 188.6323 561.9400 239.0596
F 88 6
0 0.869827 263.3525 249.2588 382.4379 546.4817
0 0.848560 905.1923 276.3316 1012.7952 566.6775
72 0.488268 99.8209 25.0093 500.3408 474.6145
2 0.742729 204.5946 96.8544 364.3709 185.9733
44 0.224953 952.4434 97.4276 1003.8017 148.2679
22 0.197988 963.8695 525.6976 1013.3905 576.4689
F 89 5
0 0.837085 263.1372 247.9159 383.0841 549.0795
0 0.801352 898.1181 272.4817 1008.4534 563.1716
72 0.487082 97.9898 25.6938 500.4715 475.3914
2 0.716837 207.6309 94.0736 367.8786 182.6606
49 0.212924 811.3480 472.7063 861.2427 519.9980
F 90 5
0 0.843242 265.8448 253.6664 387.2579 554.2103
0 0.835513 897.9556 278.4455 1010.1209 568.2098
72 0.512922 100.0790 25.6934 500.2793 474.9109
2 0.594818 208.5887 95.9434 368.7246 185.9525
19 0.125368 40.1861 618.2528 92.2595 669.1345
F 91 6
0 0.862550 269.9613 249.3883 388.7765 547.7350
0 0.777353 895.6487 271.5188 1003.5572 562.6739
72 0.496452 100.7749 23.3885 499.9910 472.8330
2 0.701627 211.8857 103.3494 371.7692 193.3834
11 0.198693 314.9130 439.8190 365.2211 489.9025
34 0.127409 1009.4885 157.1111 1059.7252 209.6161
F 92 6
0 0.849202 265.7419 253.8468 385.9576 551.5047
0 0.794053 890.3346 280.7691 1001.3300 567.6317
72 0.527308 100.1276 28.0403 499.0749 475.7933
2 0.703293 217.4452 101.7400 373.1627 192.5936
79 0.178335 235.4637 402.0136 287.6744 453.0656
59 0.213428 519.5487 530.7084 568.3306 581.3858
F 93 6
0 0.803211 270.3126 248.9288 389.2731 549.0726
0 0.833677 888.8504 277.0697 1000.0535 564.9015
72 0.511423 98.8298 26.0556 499.2849 476.0722
2 0.633015 218.5260 103.0853 379.9379 192.8466
78 0.232692 242.4158 62.4867 292.6634 110.9814
37 0.130720 1170.7920 272.2499 1220.2742 325.4708
F 94 6
0 0.848701 275.4691 249.3520 396.0532 554.1823
0 0.807300 886.2169 277.9152 995.3928 567.3067
72 0.350416 100.6015 25.3292 501.4005 476.3077
2 0.784550 222.6518 108.2290 381.1642 197.5214
43 0.166381 62.5465 192.9587 111.7375 239.8178
61 0.146550 464.2084 347.0034 511.7574 396.3604
F 95 6
0 0.854225 280.2639 247.7075 397.9369 549.7127
0 0.833155 886.3334 273.6731 997.1469 563.8917
72 0.541881 98.8304 25.6711 498.6714 474.5614
2 0.710782 224.6738 108.0981 385.4659 195.2605
15 0.227454 425.1827 386.4299 476.0930 440.6695
77 0.117072 376.3898 213.7039 431.6080 264.3555
F 96 5
0 0.871449 280.8430 252.4065 401.4112 554.8419
0 0.769181 879.5408 277.3424 992.4905 568.3638
72 0.511303 99.3969 23.9824 500.9355 474.6413
2 0.725295 228.2472 110.3505 389.2573 201.8412
55 0.237281 810.1354 586.4711 861.3842 633.2359
F 97 7
0 0.865052 279.5846 248.6464 400.6807 548.0548
0 0.824289 887.1734 277.4501 998.6191 565.6586
72 0.467852 99.4822 24.7972 498.3905 474.1376
2 0.689564 230.3603 107.2079 387.6374 198.1157
28 0.270333 800.5179 232.7761 862.9087 292.3461
37 0.179492 304.9883 153.3701 354.0064 205.2716
69 0.164882 1098.6552 357.7756 1146.6694 411.5797
F 98 4
0 0.832458 288.3737 249.0116 409.5856 546.6125
0 0.759766 880.9937 275.1710 988.4451 567.5393
72 0.460120 99.8339 26.2787 500.4286 474.4809
2 0.780928 236.1477 112.8429 394.0994 199.4547
F 99 4
0 0.839768 283.6729 249.2768 406.8011 548.6155
0 0.782467 879.8569 276.5316 989.9455 565.3160
72 0.422379 98.9393 24.3414 498.7196 474.6977
2 0.727588 238.4534 116.0956 396.4383 201.7861
F 100 5
0 0.821376 289.9384 250.5614 407.4511 548.3404
0 0.796990 874.7333 273.9075 985.7298 563.4685
72 0.449004 100.3782 26.2993 499.7033 477.4655
2 0.768889 240.9809 113.2384 405.0117 203.4711
41 0.161792 476.3430 499.2131 524.2567 550.7993
F 101 6
0 0.871108 293.6066 247.3736 415.7693 548.3376
0 0.852877 870.5810 277.0262 980.0259 563.8467
72 0.464256 101.4884 24.0969 500.7658 474.9652
2 0.749444 245.0316 113.8900 404.9156 205.9513
4 0.130461 741.6460 145.8431 789.6211 195.5677
26 0.188725 70.1773 192.0109 118.8942 247.3716
F 102 5
0 0.874504 293.7681 249.6510 412.8918 546.3613
0 0.778085 869.5501 277.5584 978.6969 565.9773
72 0.432977 98.9309 24.3665 498.7158 475.5008
2 0.668543 248.1230 120.5226 408.1137 206.5059
58 0.151074 930.5911 82.6661 979.2652 134.6155
F 103 5
0 0.860284 296.4752 249.0201 417.5882 549.6663
0 0.775039 871.8215 274.0368 981.8425 566.9913
72 0.551201 100.4470 25.8564 499.3770 475.2156
2 0.586983 250.7595 116.5339 412.1220 204.8725
54 0.177376 219.8213 530.8545 268.6244 582.2820
F 104 6
0 0.854598 299.1357 249.6169 419.0116 549.9992
0 0.812042 864.4347 275.2150 975.9297 561.8219
72 0.469090 101.8991 21.9489 501.2061 472.6367
2 0.617484 255.7597 114.2659 418.6328 207.3805
74 0.151005 1080.8409 351.9519 1128.6011 401.4041
29 0.106504 1044.8692 575.5499 1097.1980 626.2315
F 105 4
0 0.804532 303.0636 248.3726 421.7485 548.5261
0 0.778709 864.9473 273.6344 976.9107 563.5469
72 0.542788 100.0349 24.2057 498.8824 474.7837
2 0.746890 258.9886 125.2920 419.4882 214.8701
F 106 5
0 0.893904 307.5755 246.9592 426.2003 549.6938
0 0.809242 861.7241 277.6524 970.9489 567.0929
72 0.476941 98.6429 26.1486 497.4338 475.5799
2 0.662806 259.4386 125.5423 419.4694 212.1834
31 0.124187 387.5463 569.9408 438.7380 620.2254
F 107 6
0 0.844217 310.7330 251.1484 428.1307 553.2574
0 0.815415 862.7657 277.1053 970.2771 564.7594
72 0.591230 100.0784 23.7638 500.4265 473.4017
2 0.607829 256.1478 122.3427 416.6914 212.2466
45 0.194203 1192.1231 441.3146 1241.0286 491.0689
42 0.138147 732.4963 610.5293 779.1221 661.0798
F 108 5
0 0.867899 309.9300 248.5459 431.9262 546.9752
0 0.765954 855.4690 274.1588 966.8971 565.4064
72 0.498875 100.4849 25.7834 501.3809 474.3796
2 0.621291 265.8530 124.3179 425.2499 214.1217
33 0.236753 445.6124 474.7440 495.5745 526.1968
F 109 6
0 0.904866 310.3101 249.6160 429.9377 550.7348
0 0.804776 856.4703 274.8271 966.5683 563.4864
72 0.466785 100.4447 24.0730 499.2722 475.6430
2 0.693246 264.9809 130.1948 423.4843 221.2114
2 0.297188 371.1769 522.0649 431.3089 582.9349
42 0.148848 750.3069 199.0215 800.4592 249.9734
F 110 4
0 0.869050 317.2147 250.6953 437.5039 551.0479
0 0.840557 855.2696 272.6652 963.9983 563.3267
72 0.468854 99.7543 23.8323 499.4927 474.2559
2 0.749758 270.0949 130.9563 429.9420 227.3431
F 111 6
0 0.864902 316.6571 244.1728 436.3468 544.5292
0 0.857674 848.2917 278.0877 957.7893 569.5358
72 0.373008 99.7978 24.6107 500.4802 474.7019
2 0.642888 274.2972 131.8803 435.4907 223.8982
60 0.215742 291.8160 152.8816 340.9468 202.9448
66 0.107749 253.5495 97.0985 300.9453 145.6471
F 112 5
0 0.871592 321.4651 249.8683 441.5685 549.2582
0 0.766765 848.7270 276.5014 963.6797 564.9891
72 0.493123 101.5768 25.2293 500.1891 474.2805
2 0.705038 275.6832 131.8180 437.6902 223.8036
24 0.123331 800.2038 51.9583 851.1038 101.3097
F 113 6
0 0.807654 320.0511 249.9413 440.9451 553.1217
0 0.801683 847.1351 278.2546 959.1240 567.0375
72 0.490772 99.8926 23.5021 500.3669 474.5261
2 0.675957 283.1481 134.1568 442.7422 223.6803
74 0.100164 1053.9918 124.6299 1101.1633 174.4509
52 0.141009 1142.8049 415.7462 1194.4760 466.2075
F 114 6
0 0.856260 327.0171 251.3531 445.5960 552.3376
0 0.878633 844.7131 275.9375 953.3282 563.0403
72 0.559444 99.1385 24.0450 500.9834 476.5542
2 0.655573 283.7095 136.7677 444.5087 227.7277
7 0.302187 527.9517 318.2525 588.6108 381.7694
63 0.191560 256.7805 275.5658 307.3001 321.4700
F 115 4
0 0.850633 329.7558 249.0672 447.8519 551.6100
0 0.779188 839.5605 271.8583 949.5365 563.8290
72 0.558399 100.5394 24.2565 499.8847 473.3607
2 0.691173 280.8087 137.8732 442.1018 227.5778
F 116 4
0 0.821877 325.9346 247.6971 448.2507 549.7589
0 0.786321 840.6966 273.8685 953.7219 564.8352
72 0.477437 101.2636 24.9512 500.3283 473.5006
2 0.712929 288.3035 137.4079 447.4838 230.2837
F 117 4
0 0.887383 337.0826 251.2774 453.6025 550.0780
0 0.818387 839.0024 277.4298 946.2685 568.7865
72 0.468648 100.8077 25.2486 501.8384 474.6011
2 0.629525 289.8040 138.0861 447.7544 230.4871
F 118 4
0 0.858191 333.6176 248.3092 452.2456 551.2173
0 0.809478 838.3902 274.9718 944.3676 563.4295
72 0.444168 100.7711 25.2908 499.9694 474.9022
2 0.778324 292.3097 140.8632 451.8530 229.4650
F 119 6
0 0.901967 333.8996 250.0474 453.9825 549.8796
0 0.794387 832.9844 277.1357 942.0541 566.8811
72 0.499994 99.6079 24.8335 500.6071 474.8248
2 0.708703 297.7271 142.5440 456.0671 230.4439
51 0.198982 192.8706 615.2658 242.9351 665.0554
43 0.193951 1067.7833 146.9199 1117.5881 198.6143
F 120 4
0 0.767911 828.3943 276.6659 943.1976 564.8803
72 0.497617 101.2601 24.8770 500.0573 475.2851
2 0.705377 299.8781 146.8552 461.9045 237.6707
49 0.171208 928.7501 266.5876 981.8187 320.8917
F 121 5
0 0.788314 828.3379 274.0967 940.8636 564.9667
72 0.503867 100.2765 24.7884 499.2762 475.4639
2 0.664300 302.9748 146.7763 465.1647 236.7423
27 0.167454 1084.3154 501.0987 1130.2761 551.7449
3 0.149387 1004.0427 373.5211 1051.4647 423.7489
F 122 4
0 0.783926 822.3377 274.5097 933.6632 564.1412
72 0.547054 99.8305 24.8351 499.4457 475.1786
2 0.794946 307.3429 149.1444 466.1061 237.6334
55 0.186610 506.2480 30.6470 556.9707 82.0724
F 123 4
0 0.766385 821.4813 276.7857 934.7404 564.9447
72 0.421039 101.1400 27.6306 500.8050 475.4168
2 0.772593 308.6464 152.1234 468.5595 241.3722
73 0.129606 1195.6780 81.8701 1242.9571 131.8791
F 124 3
0 0.796749 822.3154 274.4968 931.6952 563.5850
72 0.516695 99.2593 24.0575 499.1152 475.3632
2 0.718671 311.3745 150.9845 472.1867 243.1602
F 125 5
0 0.783514 819.6684 278.6288 932.3576 568.5468
72 0.479275 100.9298 26.2551 500.8353 474.7782
2 0.608381 314.8931 155.3289 476.5000 242.7545
75 0.137245 224.4982 511.6730 272.6647 558.0679
18 0.223377 718.8946 297.0204 768.1138 348.2385
F 126 5
0 0.809461 815.7675 275.3121 925.8782 564.6967
72 0.544745 101.8884 25.7563 501.5377 473.5082
2 0.693554 316.8391 149.0866 477.4161 240.2687
31 0.142060 664.0976 403.2393 714.2007 454.1751
24 0.207341 1018.9507 565.6969 1069.6339 618.1867
F 127 4
0 0.832091 814.0482 271.9783 920.8208 564.1206
72 0.530516 101.2865 24.0832 500.1198 474.1601
2 0.705049 318.6469 155.5563 479.9361 246.0124
67 0.179771 476.5379 432.6943 527.9692 482.5896
F 128 3
0 0.803697 811.2932 274.7646 921.6208 562.7537
72 0.437035 99.5754 25.4712 499.7663 476.9308
2 0.693424 323.9561 152.7803 482.8036 245.6507
F 129 3
0 0.821153 811.0617 273.9191 921.3001 565.2617
72 0.522893 100.8769 25.2849 500.1070 475.0233
2 0.652927 329.2272 151.9087 488.7915 246.6831
F 130 5
0 0.765956 809.1245 276.9654 918.8036 568.1921
72 0.504998 99.5916 28.4189 499.6627 477.8817
2 0.675501 329.9891 160.6773 491.5332 250.9596
64 0.158979 492.0330 547.7772 541.9600 594.8704
31 0.207465 123.2313 363.4953 168.1747 412.8086
F 131 4
0 0.750184 806.5673 276.5551 915.3060 566.8319
72 0.457761 101.3759 26.5773 502.5031 475.2491
2 0.644946 335.4174 160.7775 494.9016 251.4450
72 0.117820 374.1508 143.8909 426.0596 196.1502
F 132 4
0 0.827357 808.3389 275.4327 912.9270 567.1025
72 0.486298 100.7905 24.9856 499.3994 474.4470
2 0.732927 339.7387 160.3024 497.9308 253.2059
21 0.205534 125.4948 596.7543 178.6128 646.1915
F 133 4
0 0.844590 801.1371 270.9190 912.1410 562.7722
72 0.604798 101.8425 25.9556 501.6047 475.4349
2 0.685256 339.8827 163.7720 494.7936 254.1298
0 0.184591 539.9056 465.0243 586.1704 517.8968
F 134 4
0 0.817800 796.8991 274.3839 908.7986 565.3741
72 0.519114 99.0946 23.9026 499.1897 474.8229
2 0.658557 340.6875 167.2109 498.8269 259.3652
21 0.237639 93.0018 45.3002 144.2897 98.3687
F 135 4
0 0.841763 802.4305 274.6156 912.8361 566.6280
72 0.500946 99.4419 24.4886 500.4331 473.4166
2 0.725613 343.1905 168.8492 501.1328 260.5362
38 0.177049 139.6545 226.9841 185.0356 277.6002
F 136 5
0 0.812968 794.3802 277.1508 902.7888 565.1440
72 0.500343 100.0960 26.9232 498.5411 477.6617
2 0.749445 343.4791 166.0165 504.6038 255.0535
70 0.190833 1000.3322 173.5013 1050.9589 223.9645
28 0.185042 275.1036 251.3463 324.2888 300.2525
F 137 5
0 0.787557 791.1226 275.5039 901.5810 566.2347
72 0.474703 102.6599 25.5078 499.9221 474.8677
2 0.697150 353.1807 170.5614 512.6806 259.2357
43 0.161270 998.8360 331.8420 1045.4842 383.0873
77 0.164290 65.3338 400.1656 115.0011 447.5848
F 138 3
0 0.850320 792.6023 279.8380 901.9643 565.7397
72 0.576586 100.0654 24.8108 500.1208 475.4555
2 0.726657 351.3479 174.6408 510.2900 263.7067
F 139 4
0 0.827617 788.3620 270.7486 898.6853 561.8259
72 0.495973 99.3816 24.1016 498.1264 474.3170
2 0.740971 358.8158 171.4815 519.2858 262.5896
64 0.340775 219.6405 362.0058 276.2119 421.9557
F 140 5
0 0.885768 393.5109 252.3403 514.8847 552.4462
0 0.782001 787.4646 275.2925 895.8943 567.1588
72 0.450794 99.0534 24.6741 497.3881 473.3017
2 0.756607 358.4416 174.1781 520.7578 266.6963
56 0.225309 612.6323 216.2354 662.4160 267.4548
F 141 5
0 0.838839 390.8337 251.1717 513.6571 552.7060
0 0.838053 783.6729 274.6882 894.3096 564.0861
72 0.474644 102.1352 24.5551 501.1691 475.0425
2 0.791790 363.5995 179.4541 522.7238 268.4714
61 0.180240 1139.2509 479.3341 1187.2340 528.8665
F 142 4
0 0.875074 397.9099 250.2018 514.6112 550.9263
0 0.769329 787.5491 275.7198 897.9265 563.4264
72 0.476056 98.8399 25.7002 498.5780 476.2629
2 0.665771 365.9694 182.3778 524.0260 268.7749
F 143 5
0 0.836816 398.4447 249.0440 520.2016 547.6816
0 0.844720 783.2634 274.8891 892.8370 563.2253
72 0.510000 100.6904 24.2152 501.6079 472.8913
2 0.657014 365.3659 183.4651 525.4833 273.9546
5 0.185459 911.7384 631.5480 963.0828 679.9251
F 144 6
0 0.850685 401.5510 250.7382 522.2930 550.0393
0 0.809468 777.5871 278.1538 889.0359 567.6664
72 0.377659 101.1742 26.7544 500.2573 474.7561
2 0.642910 374.3119 178.6500 533.3929 269.0908
31 0.135859 715.3610 338.2327 767.4929 388.0424
0 0.169698 366.8518 308.8377 417.5747 359.4230
F 145 6
0 0.869603 403.8230 245.9498 523.1713 550.6295
0 0.763764 775.2102 277.9435 884.8916 566.3193
72 0.433841 99.8361 25.9930 501.2360 476.0468
2 0.752249 373.6115 182.6622 532.2567 273.0099
27 0.362890 187.0468 290.2612 244.1217 350.2704
64 0.190500 890.6623 281.5131 940.7477 329.8110
F 146 4
0 0.836507 406.4593 251.9454 523.1660 548.8185
0 0.790941 773.8560 274.4194 885.6416 567.0216
72 0.524822 100.4532 24.2021 499.5071 473.7350
2 0.713374 378.5942 183.3780 538.2887 274.6390
F 147 5
0 0.858935 409.1477 248.4163 527.0860 549.3985
0 0.812502 768.8815 274.9277 883.4384 563.4093
72 0.489123 100.2069 22.9469 500.3241 474.7446
2 0.746693 382.1524 185.7265 542.3764 277.6432
73 0.102221 403.4529 373.7482 455.8390 428.4294
F 148 4
0 0.890047 409.0873 249.2901 529.6422 547.3161
0 0.821770 766.9870 278.9536 879.7113 564.8891
72 0.514639 99.6104 23.6997 498.9930 473.4808
2 0.751684 378.9391 188.5042 542.9752 279.6991
F 149 4
0 0.814749 412.8381 248.1992 534.3012 553.3369
0 0.821833 769.3966 279.2666 876.7062 566.9812
72 0.481240 99.5038 24.8240 499.1864 476.5639
2 0.776022 387.9232 186.9170 549.1571 278.5391
F 150 6
0 0.860463 414.8411 249.2188 537.9833 551.6471
0 0.775233 764.6694 274.1961 875.8285 562.4618
72 0.546166 100.4607 26.6990 500.3156 475.2427
2 0.788292 389.2247 192.0795 550.0850 283.4273
22 0.220083 1017.0893 603.7703 1067.1067 654.4634
8 0.215891 28.9815 478.5870 79.8951 527.7920
F 151 4
0 0.870042 419.4805 250.6256 539.5787 547.7848
0 0.809162 763.3922 275.9625 875.6329 561.8159
72 0.407433 98.6024 24.5546 498.6211 474.4758
2 0.696645 395.7107 191.7995 553.1836 279.3120
F 152 5
0 0.779437 419.1640 253.7454 540.1307 552.0863
0 0.800066 763.2272 276.6558 871.4285 568.1768
72 0.512625 101.2761 27.1152 500.9328 475.6656
2 0.719792 399.3231 191.9701 559.7834 286.7722
24 0.156942 179.9286 578.2124 228.8584 625.0265
F 153 4
0 0.864616 422.6568 251.2033 540.5103 550.4846
0 0.831168 757.5230 276.6045 868.5797 565.8981
72 0.422013 100.4938 26.1771 501.4770 474.1644
2 0.617270 393.6726 192.1803 555.7565 283.3123
F 154 4
0 0.872824 424.2557 252.9792 544.5357 548.6051
0 0.788455 759.0606 274.8151 868.7744 563.6014
72 0.475768 101.6350 26.2876 500.6130 473.1762
2 0.671365 397.2712 191.6438 558.8615 283.0612
F 155 6
0 0.875544 427.6843 250.0595 549.1531 546.8062
0 0.763867 750.2419 274.1106 861.9993 561.4434
72 0.442435 99.2181 24.7643 498.8785 475.6266
2 0.664432 402.3863 197.4258 562.4560 285.5576
78 0.209988 27.7020 94.8005 75.4909 145.5711
71 0.207385 325.3308 550.5303 375.2718 600.6987
F 156 6
0 0.870939 429.9901 250.4650 549.0241 546.8574
0 0.798435 751.6072 276.3425 859.4967 565.4109
72 0.449538 99.1516 25.4622 498.6534 475.8724
2 0.642299 408.6384 196.0898 567.6077 285.0088
77 0.207587 1174.8179 264.6219 1224.6001 313.9493
63 0.102712 68.6251 398.7719 117.7735 446.1151
F 157 5
0 0.846972 432.5863 252.3723 551.7302 551.8628
0 0.820640 746.8896 273.1484 860.2184 566.0294
72 0.529084 99.9659 23.9804 500.4762 473.9912
2 0.708656 410.1018 200.1140 569.6396 290.6493
76 0.116275 683.8510 315.3127 734.5560 364.0217
F 158 6
0 0.856547 434.8448 247.9742 551.9424 546.1638
0 0.841088 743.3508 277.6152 855.9039 567.1543
72 0.495102 99.0354 24.9463 499.6426 474.9055
2 0.747243 415.9918 202.6967 576.5432 292.4720
26 0.125754 342.3302 205.0270 390.4923 255.4787
3 0.233382 82.9438 67.8454 135.0412 119.3483
F 159 4
0 0.883872 437.5083 249.4991 559.6275 548.4170
0 0.779992 747.9805 275.7686 858.3100 567.1619
72 0.541147 99.2009 24.8180 497.9686 474.8851
2 0.663747 420.4698 204.4994 578.7378 294.3521
F 160 5
0 0.849556 442.9657 250.8056 558.9988 550.0241
0 0.813572 744.8399 276.7372 852.1587 567.6710
72 0.464655 99.8235 25.6654 500.4532 475.0319
2 0.706393 417.0529 202.1776 578.0486 291.9544
26 0.222739 307.7251 215.5572 357.4147 266.3950
F 161 6
0 0.860067 441.5164 247.9999 564.9143 550.8349
0 0.795439 739.3353 277.8513 848.1138 570.1272
72 0.592511 99.2015 25.0039 498.7955 475.4601
2 0.713092 426.8403 206.4959 586.7059 298.6301
54 0.149359 720.1212 454.5755 765.7863 506.5691
33 0.109386 1014.1427 301.8280 1068.8203 353.1832
F 162 5
0 0.870641 443.1137 249.1208 560.6295 550.5474
0 0.791393 739.2010 276.2855 847.9162 563.1249
72 0.526034 98.7364 24.1429 498.3798 473.3779
2 0.710137 427.7648 208.4154 588.0411 298.3441
13 0.154847 902.1511 175.6150 953.1996 227.6985
F 163 6
0 0.778460 446.4287 252.4113 568.0459 555.1861
0 0.801284 732.7587 271.7322 844.0642 563.5320
72 0.460476 100.5773 25.4071 498.7682 474.9981
2 0.777964 431.4807 209.7496 595.0261 298.5818
11 0.219961 373.6589 95.7039 419.9297 148.5875
59 0.208520 549.0668 546.2516 597.7396 596.3224
F 164 4
0 0.860055 450.1457 250.3941 573.4772 549.7956
0 0.780108 734.0165 268.8609 842.2900 560.7624
72 0.510441 100.1624 25.4642 498.0885 475.1242
2 0.723496 432.4280 207.5261 594.1444 301.1564
F 165 5
0 0.801649 448.4783 250.9711 568.4572 551.2640
0 0.780911 729.6407 276.7853 842.9721 566.2471
72 0.414838 100.9074 25.4855 501.5376 475.6160
2 0.813611 436.9534 214.0565 593.1429 302.7953
66 0.232310 447.4201 465.0292 497.7945 512.4236
F 166 5
0 0.865591 454.3050 249.2818 578.0228 549.3429
0 0.806902 728.4587 271.9197 837.0934 561.1739
72 0.474655 101.3109 23.5002 500.1251 471.6216
2 0.764568 437.9204 212.0184 595.6134 303.7164
35 0.184849 422.6192 620.4746 472.1320 670.0398
F 167 5
0 0.870059 458.2601 249.9646 578.2489 548.8557
0 0.819989 727.5389 276.5014 841.2036 563.3225
72 0.485872 102.4909 23.8543 500.8394 475.2038
2 0.724910 439.5833 218.3477 597.4373 305.5653
26 0.129003 67.7280 544.3055 119.1264 593.2988
F 168 5
0 0.808527 455.7674 248.6089 578.7523 550.2154
0 0.779295 726.2256 273.0110 838.1628 562.1488
72 0.536174 100.4363 25.2334 500.7178 474.1165
2 0.693951 445.4202 225.0817 606.7365 315.1647
0 0.162825 748.1135 596.9918 800.2132 645.7594
F 169 6
0 0.831904 459.3643 246.5187 580.1598 547.6773
0 0.809189 723.3256 275.3064 833.9561 562.2609
72 0.498106 101.6881 26.4719 501.1771 476.0905
2 0.766825 450.9693 215.2157 610.0214 305.5938
14 0.157793 352.0122 627.8933 401.2485 679.9219
17 0.195264 459.7530 419.6077 507.0631 466.8551
F 170 5
0 0.827960 462.1868 251.2548 583.6968 550.6851
0 0.764939 724.5094 270.1598 830.5410 561.5309
72 0.530699 101.5894 25.0166 500.2780 474.4604
2 0.726226 449.8162 219.7136 606.9256 307.2867
72 0.111091 229.6619 543.2625 279.2338 588.8649
F 171 5
0 0.810782 469.4616 252.5355 587.0497 550.8926
0 0.822700 717.4504 273.6711 828.4038 563.9759
72 0.553611 100.8350 24.4296 500.6715 474.3254
2 0.629718 452.5947 222.4090 609.3202 314.3196
72 0.123510 843.9166 606.3469 893.3377 660.0407
F 172 5
0 0.877203 468.8107 249.2746 587.3105 549.2186
0 0.805198 720.1286 270.8571 832.1107 561.6518
72 0.462752 99.8044 23.9774 499.8149 474.9479
2 0.621873 457.0880 221.7978 620.0253 312.5477
25 0.130568 1058.6089 464.9984 1112.7465 510.9083
F 173 5
0 0.842999 474.8215 245.3285 594.2958 549.5055
0 0.841582 711.4150 277.0463 823.7225 568.5388
72 0.517470 100.4812 23.7449 499.9319 474.4479
2 0.705500 465.0800 224.1351 620.2092 313.4052
71 0.205467 94.7553 308.4789 144.1238 356.0250
F 174 6
0 0.891639 469.5132 248.6242 590.3264 547.8577
0 0.821764 709.8108 274.2873 824.0877 563.7985
72 0.490897 98.5792 23.9575 499.2061 474.4991
2 0.698980 462.2804 227.6928 618.8294 316.9680
23 0.154635 715.9949 595.4982 768.3625 645.5699
79 0.213262 821.5058 324.6088 871.3804 367.5553
F 175 4
0 0.807790 478.1029 250.1215 596.9341 552.3769
0 0.838299 707.4138 277.3767 820.9057 568.2947
72 0.450679 101.6546 24.7756 501.2736 474.8891
2 0.672990 465.9229 228.4711 628.3588 319.6318
F 176 6
0 0.845211 478.8308 249.4284 604.6707 548.9438
0 0.782408 710.1257 276.7257 820.0699 566.2652
72 0.521325 100.9864 25.5468 500.6847 475.9787
2 0.742198 470.4202 223.6032 628.6397 312.0515
45 0.180186 895.6290 110.9522 944.4035 161.5612
57 0.229088 998.9563 629.4763 1051.0583 680.4153
F 177 4
0 0.842079 484.1789 250.5695 604.3892 551.1716
0 0.807593 704.8958 275.0360 814.9461 563.1276
72 0.437056 101.3129 24.8278 501.2889 474.6928
2 0.701170 471.8504 229.6982 630.2405 321.5623
F 178 4
0 0.881047 480.1702 248.0251 602.1545 547.7288
0 0.779869 704.0735 275.1241 814.2272 560.6938
72 0.477382 98.9123 25.9669 499.7880 475.1123
2 0.780446 475.1956 226.3492 630.4362 319.4271
F 179 5
0 0.827563 485.3995 250.9143 605.2317 554.4947
0 0.794030 696.8676 276.9259 806.1312 566.4518
72 0.578364 99.7391 26.5380 499.7341 475.7860
2 0.725366 474.8387 235.8939 636.7585 326.0193
45 0.207956 687.3457 263.3542 737.5497 314.1864
F 180 4
0 0.826346 488.4407 249.6547 609.9020 548.2211
0 0.813252 703.6644 275.5913 810.4507 565.8533
72 0.552330 99.4075 25.9016 500.0324 476.3298
2 0.687306 478.9193 233.9720 639.0622 325.0359
F 181 4
0 0.841260 494.2648 251.5533 611.0367 550.0392
0 0.776377 696.6612 275.3332 806.1706 563.6135
72 0.534300 100.2777 23.9271 500.3052 472.8152
2 0.785851 482.0194 235.9272 642.2180 325.5584
F 182 6
0 0.857269 497.6607 250.5816 615.7450 553.9939
0 0.821160 695.7139 272.8770 807.3837 563.7392
72 0.474035 102.4114 25.4787 502.1902 475.6910
2 0.746436 487.0616 237.7117 649.5339 330.6900
11 0.235285 1094.4464 145.1845 1143.8988 197.2815
74 0.111950 27.4307 603.1718 78.1553 654.3489
F 183 5
0 0.821240 495.7334 248.7560 616.2746 548.9367
0 0.804434 696.7225 278.2845 805.3244 567.0175
72 0.586786 98.8937 26.6600 500.5123 476.1377
2 0.687526 490.1635 238.1937 648.2478 327.4313
12 0.144712 1117.3274 48.2991 1166.0592 99.4566
F 184 5
0 0.808725 502.0892 252.3161 620.4097 552.7732
0 0.767280 691.0183 273.8303 801.4885 566.6017
72 0.524533 101.9555 25.5132 500.7753 475.7940
2 0.725444 489.0601 243.3183 649.2349 334.0932
60 0.173987 1079.7716 422.0724 1127.5815 467.7461
F 185 4
0 0.821759 501.7632 250.8222 619.9732 551.4282
0 0.771774 690.4766 277.1238 804.4258 565.1313
72 0.534092 98.7139 26.3848 499.4096 474.8078
2 0.644034 493.4159 240.4702 651.9867 328.5821
F 186 6
0 0.866825 502.3782 249.1330 622.4227 548.6974
0 0.779391 686.7548 276.9159 798.1400 566.5245
72 0.599940 101.8069 24.0101 501.6985 475.2100
2 0.660595 499.5119 244.3353 658.1270 333.8933
6 0.219683 721.2154 232.4395 773.2302 285.0010
18 0.213480 984.1626 71.1453 1031.8148 118.8752
F 187 4
0 0.863014 507.8669 245.8012 631.3682 548.7494
0 0.788721 681.6974 275.2416 793.6676 564.4824
72 0.444841 100.2749 22.3568 500.4178 473.5176
2 0.715352 501.8344 246.3436 663.2917 336.6350
F 188 6
0 0.847802 512.0971 254.0050 632.9383 552.4995
0 0.778110 680.6904 277.8329 791.3596 567.7223
72 0.461749 100.9078 25.2377 500.8570 475.3411
2 0.784326 502.4370 250.3246 664.9215 340.4293
64 0.212288 644.7794 540.3623 695.9150 592.0157
40 0.151446 1156.8288 640.0166 1207.0372 692.7475
F 189 6
0 0.798766 514.7735 249.1952 630.9891 550.4911
0 0.801027 674.9700 273.9503 791.3951 563.1626
72 0.409984 99.2613 24.6728 498.8769 474.5940
2 0.647651 509.4438 248.3480 666.7224 336.7169
5 0.176052 512.0009 32.6798 560.7656 83.6139
8 0.198558 182.0334 274.6819 234.0904 326.9423
F 190 5
0 0.844246 516.4834 254.4795 634.2761 554.9232
0 0.826699 677.1276 275.5583 787.4729 567.0656
72 0.564128 99.8062 25.3993 499.7510 474.9957
2 0.699018 506.0343 249.7845 669.4392 343.1935
74 0.165448 856.1826 259.8354 907.8652 310.3980
F 191 6
0 0.845437 516.2117 249.7998 635.2841 551.8903
0 0.836729 672.3605 275.1712 781.7223 562.8078
72 0.444105 100.9146 25.0610 499.2627 474.5229
2 0.725945 508.9998 248.3356 672.1752 340.9700
77 0.173319 683.3707 196.7295 728.3133 242.3245
27 0.179548 1050.3601 113.2801 1101.7754 162.7884
F 192 5
0 0.840083 520.7228 251.8858 641.0277 552.9520
0 0.798553 671.5811 273.4683 782.0937 562.8679
72 0.487818 100.4947 26.2758 501.3648 474.7002
2 0.727919 515.6724 250.1721 673.9681 342.5949
44 0.129701 620.8178 203.3756 667.1581 252.8641
F 193 6
0 0.850322 520.6919 251.8492 644.8386 551.1645
0 0.783669 666.0281 275.7472 777.7349 565.2264
72 0.559031 99.8637 27.0434 500.1969 475.9863
2 0.668159 515.6656 250.1563 676.1994 341.8955
10 0.190458 889.0467 68.9589 940.4238 120.0815
66 0.128552 39.3021 118.3146 92.3740 171.9664
F 194 4
0 0.815540 524.8995 252.5312 642.4825 551.0908
0 0.745872 671.4477 276.9061 782.3647 567.3446
72 0.479143 99.9580 25.0020 499.2462 476.2294
2 0.675371 520.3970 258.0411 680.1091 349.1509
F 195 6
0 0.782497 527.5122 248.8575 649.6766 545.7558
0 0.744054 666.5086 277.0641 776.7220 564.6370
72 0.544427 98.9294 24.7246 498.1412 474.3469
2 0.742639 523.0377 260.3398 684.4260 346.9177
32 0.181740 659.4911 256.4336 709.1546 303.6675
12 0.157595 1004.7082 32.4778 1057.5934 77.8682
F 196 5
0 0.819515 530.2457 248.1949 651.7176 545.7614
0 0.802796 661.7959 274.2223 772.1451 564.0129
72 0.480934 102.6381 24.5447 501.6681 475.4723
2 0.741033 531.3852 261.5150 689.5065 353.6340
20 0.190577 910.2493 583.4308 959.1779 634.0067
F 197 5
0 0.867267 535.7203 245.6147 655.8059 547.3340
0 0.760591 660.2041 278.2301 772.8371 569.3091
72 0.369296 100.0239 25.4191 499.7154 475.3537
2 0.854171 530.3282 258.8764 690.8139 348.2451
39 0.228815 43.8545 470.3575 92.9190 522.6554
F 198 4
0 0.873314 531.0347 249.0794 655.0022 552.1998
0 0.798312 662.6433 273.0980 769.7471 564.2066
72 0.512327 100.3512 25.2318 500.6771 474.7188
2 0.723663 534.8520 263.6541 696.4803 350.1122
F 199 4
0 0.893335 541.1267 251.7692 660.9200 549.2332
0 0.810907 658.1980 271.5458 769.3158 562.5271
72 0.522043 99.6214 24.7975 498.1235 476.2861
2 0.706759 533.5187 266.8408 695.8267 355.5399
F 200 5
0 0.859403 541.3634 245.5234 663.3663 545.3939
0 0.180086 653.9561 276.6315 761.7365 564.6946
72 0.477613 99.4370 26.9501 498.1083 476.1953
2 0.684182 539.1888 266.8875 700.8254 356.2818
45 0.233799 749.4482 53.1340 801.3510 103.6607
F 201 6
0 0.860213 541.7893 248.2204 661.1243 547.7754
0 0.200924 649.3091 274.8697 760.4623 563.8800
72 0.501099 97.9902 25.4054 497.8683 474.1793
2 0.613523 543.3353 265.3009 704.3120 354.4605
48 0.182715 770.7356 354.4897 819.9495 406.2094
1 0.148472 883.2769 151.8894 935.0334 202.6970
F 202 4
0 0.851888 545.2706 255.0465 665.2980 554.5729
0 0.153937 651.6644 277.4690 759.4022 563.5078
72 0.514763 98.3236 24.6823 498.4643 475.8352
2 0.783510 547.9101 267.6839 705.5606 356.1003
F 203 5
0 0.852257 547.8105 251.1868 667.1413 551.3909
0 0.140401 647.3483 269.9048 757.5956 563.0023
72 0.508132 99.6502 24.4019 501.0815 473.6349
2 0.740089 548.1875 267.5664 710.2419 357.5972
64 0.206315 962.2625 437.5484 1010.9271 484.5682
F 204 4
0 0.829805 547.8253 251.7191 670.1941 548.3401
0 0.212023 642.2832 275.1613 751.2691 560.6552
72 0.407114 100.2109 25.4796 500.0971 474.6759
2 0.807719 549.9991 268.6615 713.3559 359.8901
F 205 5
0 0.885780 552.5785 252.3147 673.0481 550.2578
0 0.208027 645.0838 272.0259 753.5580 563.9366
72 0.481531 99.9823 26.4178 500.1106 474.8912
2 0.731870 555.2599 273.8690 718.4936 364.5976
8 0.207592 568.6823 183.3814 620.3861 231.6200
F 206 4
0 0.884122 555.4982 249.4674 675.8074 552.1866
0 0.233465 639.6791 276.6972 751.1377 565.2460
72 0.478287 99.4425 23.8838 499.7913 474.9015
2 0.794618 559.2462 274.7089 721.5326 367.3795
F 207 5
0 0.859667 557.7466 249.3581 676.7360 548.8221
0 0.176207 640.5374 274.6175 750.7494 565.2949
72 0.536246 100.2125 26.0037 498.6040 473.7838
2 0.602975 563.6014 270.3700 724.5458 363.3245
31 0.203164 446.2346 394.7125 497.2828 443.8311
F 208 6
0 0.811003 557.9915 254.6506 676.9192 554.6139
0 0.204823 638.0915 275.7411 747.2892 563.3376
72 0.429871 98.2226 24.7713 500.3114 475.8374
2 0.791837 566.3084 276.8372 723.6891 366.8734
20 0.109510 444.9629 313.8239 494.0447 363.0714
71 0.200941 869.9281 442.6206 919.2764 490.1795
F 209 4
0 0.853502 564.4541 250.9093 682.0908 550.7320
0 0.223811 637.3265 273.4351 746.8305 562.5906
72 0.472192 98.0879 23.1182 499.8491 473.4025
2 0.714723 570.6740 278.3069 731.8387 368.4087
F 210 4
0 0.860355 563.3562 252.6670 685.7464 548.5764
0 0.186786 632.2174 276.1718 741.6808 562.2842
72 0.538178 99.4225 25.6242 498.9512 473.9867
2 0.679321 566.6640 278.1521 726.0992 368.2084
F 211 4
0 0.846859 573.0300 251.5160 690.6527 550.3577
0 0.184212 631.3337 272.1772 739.6892 565.5418
72 0.503861 99.7879 24.0679 499.6044 475.4942
2 0.725596 574.9535 274.2379 735.6738 366.4247
F 212 6
0 0.839927 567.1998 253.0044 686.0714 549.4906
0 0.171219 630.0255 278.4869 741.5396 566.4621
72 0.627644 99.5709 24.2816 498.1625 475.6356
2 0.724151 577.8813 283.0432 737.8208 373.4685
37 0.230880 1117.9971 339.4373 1168.9422 389.6042
59 0.211167 1008.6163 374.0924 1058.8535 425.6700
F 213 4
0 0.864375 572.9077 251.3873 693.3699 551.4156
0 0.155820 624.2787 276.7138 731.7927 568.4808
72 0.502988 101.6034 24.5220 500.7071 475.6437
2 0.711664 578.2841 283.8932 740.3859 375.6285
F 214 6
0 0.839406 574.8775 253.7329 695.7504 553.6534
0 0.188243 623.8725 276.4945 734.2933 563.6058
72 0.550561 101.0237 24.6375 499.9357 474.9056
2 0.772734 580.3520 285.5279 741.3024 372.4455
58 0.141327 485.3447 376.0439 534.2605 425.2426
52 0.162567 1043.0578 58.6342 1091.1701 108.1215
F 215 4
0 0.857927 574.0199 253.5240 694.7447 552.4000
0 0.183229 620.8603 273.9936 731.9919 563.2059
72 0.432419 99.9348 24.2848 498.9155 475.6067
2 0.648581 589.5168 289.2196 747.7571 379.6039
F 216 4
0 0.816100 581.7765 253.4883 698.9240 554.7262
0 0.181162 619.9480 273.2473 729.4411 565.4556
72 0.533173 99.6844 26.2607 498.4550 476.9917
2 0.712614 589.4091 289.8050 751.6602 379.8959
F 217 6
0 0.862446 585.6740 248.2144 708.2047 549.2863
0 0.152908 618.0123 277.3350 725.2095 564.7428
72 0.539234 98.6185 26.3484 498.4175 476.6718
2 0.707459 592.2819 290.1418 751.6960 380.0392
7 0.199262 87.2897 418.6706 139.1224 468.0160
67 0.237855 930.0256 215.2319 979.2333 264.5648
F 218 6
0 0.868179 584.3121 249.2375 702.5408 549.3137
0 0.137226 617.2614 276.4296 727.7441 567.0657
72 0.509284 101.3942 26.6730 498.9849 476.5743
2 0.719488 595.9899 289.0265 756.8377 380.9045
46 0.191539 845.5684 398.6132 896.0057 447.1567
76 0.213660 268.3922 427.5924 320.3962 475.8619
F 219 4
0 0.861556 590.9526 246.0922 713.5715 548.5938
0 0.178289 609.4396 273.5537 721.5312 562.8499
72 0.495476 100.6331 25.3170 500.9355 475.0724
2 0.760033 595.8589 297.7245 755.3352 386.2810
F 220 6
0 0.792858 591.3477 246.5889 709.8387 548.3119
0 0.233727 609.8524 274.4112 723.8655 564.3654
72 0.444887 98.8683 24.1322 499.0670 474.1999
2 0.751971 600.0811 295.4569 760.8661 385.3341
47 0.199249 231.0682 451.8421 276.2207 501.0196
28 0.105874 354.8315 561.8966 404.4382 614.6644
F 221 6
0 0.890782 591.2386 255.6846 709.4838 555.2767
0 0.187032 609.0216 271.3465 719.1216 563.6247
72 0.513484 100.2122 26.0896 499.3706 477.1121
2 0.687588 603.3580 296.6701 763.7189 386.6674
67 0.198201 29.5424 542.5547 79.5257 593.0031
16 0.103634 910.3285 385.1948 957.1023 433.3807
F 222 5
0 0.814988 596.0215 248.1084 716.6437 547.1990
0 0.218118 603.0989 275.1821 713.9297 566.7862
72 0.592915 100.3476 25.2419 500.2481 475.3705
2 0.683589 606.0963 301.7554 762.4109 392.2994
42 0.144086 930.1015 146.7260 979.3061 195.6393
F 223 5
0 0.870719 596.0009 250.4607 714.7884 551.3214
0 0.135666 605.6593 273.8999 714.1101 562.1872
72 0.508598 100.9957 26.0346 500.4919 476.1152
2 0.618987 605.2318 299.3159 763.8883 386.1998
67 0.133429 1148.2781 326.0282 1199.6009 374.4813
F 224 6
0 0.897016 597.0512 248.1397 716.7386 546.5731
0 0.188152 598.7458 272.9602 709.1724 564.0319
72 0.548667 100.5661 27.0966 500.0649 477.2421
2 0.741177 611.8033 301.0274 770.8125 389.6767
6 0.196282 733.2160 538.6692 785.3388 588.1669
14 0.178797 1172.7057 342.0172 1224.7420 390.3342
F 225 6
0 0.851837 598.5080 249.0979 719.4129 548.1061
0 0.146184 600.2874 277.2139 712.6637 562.3005
72 0.525822 101.1269 22.9997 499.7832 473.8236
2 0.644301 614.0120 303.1655 773.2472 394.0117
10 0.105405 883.8306 636.7063 931.9206 689.3746
5 0.149866 1147.9970 455.1410 1198.0789 505.6943
F 226 6
0 0.864570 606.5690 247.4259 727.4414 548.7850
0 0.182885 595.1349 272.2460 706.5188 563.7284
72 0.455998 99.4130 26.1269 497.8116 476.2307
2 0.657147 614.6392 302.7592 774.1498 395.5141
62 0.130696 107.0811 442.4850 156.2424 492.3222
50 0.191457 340.7469 457.4232 389.8921 504.5641
F 227 5
0 0.849830 603.2586 246.3611 725.5959 550.8688
0 0.141372 595.6594 277.1878 701.0761 565.6931
72 0.572995 101.5411 23.1728 499.8298 473.9677
2 0.694829 620.3340 308.1769 779.0791 394.2403
68 0.130731 1175.4094 347.5112 1224.7653 399.5499
F 228 4
0 0.836786 609.7361 245.3080 727.4378 546.6295
0 0.194220 590.5170 272.4043 701.0780 563.2428
72 0.463537 100.1987 22.9245 499.8469 473.7654
2 0.778532 623.1610 305.3274 783.9511 397.4201
F 229 4
0 0.858998 615.7001 248.0202 732.9325 548.9245
0 0.236386 593.7098 275.5569 702.3199 564.5799
72 0.446152 99.2717 23.8607 498.7380 474.9166
2 0.636368 625.3721 307.0148 788.2296 397.4341
F 230 5
0 0.872797 613.5552 248.2958 736.5095 549.6111
0 0.850131 591.1204 277.5715 701.2873 565.3191
72 0.532904 100.0523 25.9910 499.9980 475.2593
2 0.647704 631.6311 312.0717 790.9693 402.8862
45 0.174045 1143.0234 551.3438 1189.6477 600.9021
F 231 6
0 0.878482 616.2337 250.3397 737.4248 547.8084
0 0.800337 588.7712 273.1648 697.0441 563.5777
72 0.493087 99.6354 25.6456 499.8174 474.6878
2 0.664980 632.5082 314.5289 795.1213 402.7726
2 0.222931 376.2842 450.0792 427.4069 499.7328
75 0.231681 826.7908 74.4003 873.9236 126.0474
F 232 5
0 0.846795 618.4989 250.5964 742.0157 550.6050
0 0.788432 588.5335 275.3484 697.4314 562.5390
72 0.551971 100.1716 25.5180 500.3056 475.3539
2 0.659636 634.3018 312.2103 794.4877 405.3807
37 0.237774 563.6485 333.2356 613.3147 384.6136
F 233 6
0 0.786034 621.5372 246.6827 741.8222 546.6457
0 0.776368 584.7584 276.1828 693.6699 565.1154
72 0.425992 100.1545 26.8739 499.4256 477.2638
2 0.671586 640.7933 317.1065 800.2809 403.5300
30 0.176132 1108.5650 151.4826 1159.1478 200.2893
15 0.173565 573.4335 599.8838 618.7247 649.5505
F 234 6
0 0.831576 623.8042 250.2380 742.7911 551.2578
0 0.831718 581.1824 271.0140 689.6903 562.7729
72 0.486086 98.9423 24.7715 499.4176 475.0056
2 0.730822 640.5966 315.4568 800.0558 405.3713
14 0.230284 293.0308 610.7356 342.0310 662.5931
3 0.168335 104.1892 55.9916 154.1031 110.4110
F 235 4
0 0.931185 625.8882 250.0655 743.9710 549.7558
0 0.783641 576.9218 276.6329 688.7450 567.1137
72 0.499319 99.8253 25.1148 500.3766 475.1042
2 0.724073 640.6676 318.8711 804.0922 409.2037
F 236 5
0 0.889626 629.5497 243.4752 749.0892 544.6444
0 0.810969 578.1164 278.1682 688.3354 564.2326
72 0.444230 100.6787 25.9658 499.6494 475.3473
2 0.722591 644.4359 314.8860 803.9548 405.3592
19 0.187633 987.6591 534.7096 1038.9034 583.6426
F 237 5
0 0.874188 633.6325 251.3930 756.2401 550.1281
0 0.826834 574.1981 273.5593 684.0190 562.4861
72 0.472070 100.2371 25.9834 499.9111 476.0953
2 0.626757 650.3978 322.3029 811.9788 413.2200
46 0.154899 906.6895 371.1889 960.2235 418.3364
F 238 5
0 0.862437 633.6983 250.2940 751.6155 550.3520
0 0.795017 568.9999 276.5880 681.9660 565.3941
72 0.543227 98.9921 26.0394 501.1526 473.8781
2 0.665712 650.6290 317.5928 810.1520 415.1191
48 0.238651 517.2914 281.5592 567.6820 332.5321
F 239 5
0 0.804942 635.3385 251.5655 756.3960 549.7214
0 0.790030 568.2577 274.5826 679.6071 564.7684
72 0.507588 98.4323 24.7399 498.7379 473.1463
2 0.712680 655.0342 322.5472 816.2897 411.1760
28 0.205353 568.6860 550.5434 620.5400 599.7726
F 240 6
0 0.775889 642.6731 249.1754 762.5144 546.4186
0 0.766765 565.1569 277.2760 676.7874 566.0441
72 0.523801 99.5422 24.7921 499.6722 475.3840
2 0.668224 659.6239 326.2004 819.7524 414.5650
3 0.125421 623.8146 609.9088 673.3356 657.4057
14 0.166957 281.0643 377.5325 328.2163 427.1156
F 241 5
0 0.840341 645.4718 250.0637 768.0227 548.6575
0 0.775151 568.4827 275.5716 674.9881 566.7822
72 0.530414 99.2413 25.4450 499.4779 474.9311
2 0.669396 662.9562 325.9717 820.2524 415.8236
5 0.153528 289.8929 454.7494 337.1141 507.2125
F 242 5
0 0.855522 644.8691 247.4059 764.7889 550.0963
0 0.815206 562.1576 273.0545 671.2640 564.1512
72 0.590934 99.1245 25.3547 498.7083 474.5734
2 0.718041 668.0872 323.9685 825.9640 416.2701
41 0.140462 365.1610 608.5748 415.0930 660.3007
F 243 6
0 0.818330 650.4162 251.3494 768.6373 551.2955
0 0.797730 562.9117 277.6214 670.2626 564.8826
72 0.549271 99.9296 24.6378 500.2262 476.1204
2 0.638544 670.4031 326.5175 831.7757 419.1041
16 0.112340 383.7352 410.4877 434.9683 462.0918
4 0.193318 890.1030 631.4127 937.9981 680.1929
F 244 5
0 0.856171 647.9327 252.7455 768.1348 553.4535
0 0.768482 556.1005 273.6708 666.5780 563.0785
72 0.484037 99.5623 25.3023 500.9917 475.0741
2 0.648352 672.4885 333.8034 831.3291 423.8316
62 0.104491 141.0885 200.6258 192.8378 252.2569
F 245 7
0 0.839164 652.9036 251.8520 770.5304 551.6717
0 0.744215 556.4054 273.0084 663.9694 564.0816
72 0.462194 99.9841 24.0313 499.2276 475.3962
2 0.674086 675.8191 330.2181 834.8236 419.5170
64 0.332491 817.6818 407.4446 882.5991 470.5493
73 0.127316 1119.2755 499.1148 1167.5305 547.5206
32 0.232569 351.0468 408.0532 399.7180 458.4621
F 246 4
0 0.806252 657.8302 248.0925 775.3126 547.4088
0 0.868818 552.1179 272.2682 662.9620 562.6563
72 0.579769 98.8953 23.2359 498.5555 473.5766
2 0.715988 680.9059 331.1690 839.2272 420.8501
F 247 4
0 0.836692 654.5366 249.0399 776.3384 554.3003
0 0.793870 555.2867 273.2620 664.1611 561.8749
72 0.475786 99.1531 24.6730 499.0699 474.2022
2 0.730860 679.3621 335.1585 842.1911 425.7167
F 248 5
0 0.848549 660.8789 249.9722 779.2483 552.1570
0 0.845311 553.1917 274.4352 660.0119 563.5203
72 0.506065 100.9452 24.0616 500.6187 475.5224
2 0.665726 687.3615 338.4713 844.6975 428.9583
45 0.126320 142.2848 277.2629 190.1440 326.5765
F 249 4
0 0.841143 659.0127 246.5694 779.8172 546.7999
0 0.771707 545.1783 277.1386 658.7080 565.3411
72 0.528754 101.3419 26.3170 502.7503 473.7543
2 0.769522 686.1867 333.7650 847.6563 425.7634
F 250 4
0 0.848247 663.5387 248.6692 783.4122 549.4066
0 0.784972 544.7472 274.4408 655.3267 568.8809
72 0.604312 99.5017 24.9998 498.1885 473.8284
2 0.725321 688.2886 337.1305 847.7004 428.6434
F 251 5
0 0.838605 668.8259 249.9665 789.6631 551.7695
0 0.769310 542.1855 272.9246 654.1436 564.4686
72 0.447248 100.7248 23.7368 501.8451 473.9090
2 0.655711 690.7959 341.5708 850.6900 430.1152
75 0.205786 337.1889 437.4687 384.6446 482.4955
F 252 4
0 0.830994 669.9989 250.3000 788.9823 553.1407
0 0.841588 542.3771 278.1246 653.0073 566.9679
72 0.530423 101.0589 25.9927 500.7875 474.4179
2 0.731802 696.5651 339.6923 856.7011 431.0563
F 253 6
0 0.871409 669.0801 248.4718 789.9754 550.2193
0 0.840816 533.8799 273.6313 645.2316 565.9863
72 0.581738 99.5825 24.2134 498.5121 474.9905
2 0.633142 700.8258 348.4625 861.7274 434.1142
10 0.195036 193.5941 506.3112 244.0752 555.3801
48 0.222714 935.1208 64.6457 981.7040 116.9554
F 254 4
0 0.844024 676.3538 248.6581 797.9799 551.5474
0 0.782633 536.1209 276.2327 646.4692 562.9692
72 0.489953 99.8340 24.9693 499.6098 473.4132
2 0.767463 703.7148 350.8439 861.9230 438.4729
F 255 6
0 0.855713 675.8272 249.2611 796.2624 549.2846
0 0.854177 534.2469 273.7369 646.1154 561.0219
72 0.502550 98.1015 24.4399 499.3647 473.8544
2 0.666411 702.4299 348.0122 865.2064 435.6098
70 0.204728 952.2650 308.9446 1000.7839 357.0546
75 0.111150 493.1903 546.3059 541.6600 597.5934
F 256 4
0 0.794882 680.1870 250.2975 797.9011 548.2385
0 0.808892 529.1260 273.0661 637.7456 563.1255
72 0.429696 101.1760 24.8487 500.8646 474.4356
2 0.663950 705.8077 351.3186 866.0913 440.9827
F 257 4
0 0.866779 681.7332 249.6572 803.1036 546.5783
0 0.817291 526.4293 275.1809 639.0161 566.1631
72 0.466850 100.5152 25.1482 499.2877 473.9852
2 0.698478 712.0571 346.4522 871.7631 437.2963
F 258 5
0 0.818026 686.3223 245.9521 807.4356 548.9395
0 0.737286 527.6019 276.2890 637.8777 564.6087
72 0.480367 98.3197 25.4139 498.7599 474.6715
2 0.650073 712.9226 351.9967 872.8611 441.6104
47 0.236569 87.3725 298.0974 137.7734 349.7798
F 259 4
0 0.866246 689.5075 249.3954 810.1288 550.0112
0 0.784410 526.5024 276.5092 638.2283 565.5509
72 0.545671 100.1994 25.8319 497.5403 474.7450
2 0.731191 717.6081 352.2260 874.2333 445.0604
F 260 4
0 0.859238 690.3332 254.1130 810.5541 551.0327
0 0.789506 525.8250 275.4178 634.8023 566.4126
72 0.500715 100.9857 23.0720 500.0076 473.6241
48 0.237095 809.8171 260.3043 859.4715 307.2640
F 261 3
0 0.785285 693.9714 249.5783 815.9690 549.6180
0 0.801381 523.1872 275.1236 630.6361 567.2858
72 0.447598 100.1097 26.6333 500.0889 478.1630
F 262 4
0 0.865028 695.8363 251.6142 813.9680 549.6226
0 0.806871 514.8210 273.8533 625.8774 562.4541
72 0.451680 99.0463 25.0213 498.5925 475.0692
29 0.109075 152.5058 102.3728 199.1762 154.3859
F 263 4
0 0.846140 696.8567 246.8780 817.5839 546.5544
0 0.836580 515.3664 273.3834 625.4210 561.4074
72 0.515340 99.0065 24.8420 498.6878 474.7108
24 0.137576 832.2955 100.9524 881.9792 153.4568
F 264 5
0 0.855903 701.5213 252.0817 820.4143 549.2967
0 0.820632 515.7368 275.6184 626.3641 566.1882
72 0.493761 100.0587 25.4201 500.2769 474.4077
56 0.159855 900.3249 340.0224 951.5206 391.1268
55 0.130870 855.7556 337.7762 906.8897 388.7422
F 265 5
0 0.817188 698.8766 249.4831 817.4234 550.1565
0 0.844550 513.9947 273.8803 625.9418 566.8548
72 0.497711 100.2330 26.0116 500.1101 475.4450
41 0.211743 286.3259 63.7541 333.7872 115.6557
20 0.132402 169.2829 436.0455 218.0602 486.5174
F 266 5
0 0.858701 705.5945 250.1293 823.5357 551.0432
0 0.763106 510.2373 276.3570 621.4442 565.1514
72 0.641109 100.1076 24.4283 499.3216 475.7240
28 0.145152 348.7552 358.6790 396.9951 409.4208
9 0.182129 728.5663 393.6164 776.7221 443.9748
F 267 6
0 0.866434 705.5801 248.9005 826.9993 550.2313
0 0.797122 506.6568 272.5171 615.4380 563.7150
72 0.525156 100.4074 26.4749 500.0829 476.0756
6 0.399980 701.0121 378.7359 761.7835 438.7829
48 0.234464 271.7656 387.0610 321.7909 437.3831
29 0.125980 725.9211 437.8110 777.9242 489.7983
F 268 4
0 0.843911 709.8410 250.4696 828.2793 551.9333
0 0.768986 505.0193 275.0114 612.2476 564.9855
72 0.524314 99.0191 25.6059 498.4785 476.1094
54 0.215420 312.3210 611.0558 364.2147 658.4651
F 269 3
0 0.872303 712.4747 248.5351 833.3266 550.0052
0 0.783759 503.6007 275.1307 611.7411 565.4649
72 0.495919 99.2165 23.7981 499.4977 474.6139
F 270 5
0 0.825828 715.8439 249.2247 836.9456 551.3968
0 0.774527 501.5529 272.0017 609.9097 565.7473
72 0.543788 98.6053 24.8604 498.0826 475.9319
30 0.153453 489.6513 31.8470 540.6038 79.7336
0 0.189180 1078.4432 368.6398 1126.8483 419.6564
F 271 5
0 0.836852 719.0824 250.2958 836.0963 551.1389
0 0.779012 497.5682 274.0995 609.0775 565.4772
72 0.582437 100.3997 24.2493 499.9298 474.8594
44 0.156280 923.3840 349.4788 968.6427 398.4761
7 0.150286 44.1401 65.1159 97.8564 115.4717
F 272 5
0 0.816287 720.9658 248.5185 842.0146 548.5590
0 0.766944 496.5902 272.4420 609.0938 562.5550
72 0.451958 97.6293 27.0962 498.9847 475.9223
70 0.104558 774.3942 339.7442 820.9529 393.6537
68 0.234404 947.2292 150.7407 997.6740 199.6232
F 273 3
0 0.827580 721.9802 250.5660 846.1838 549.0584
0 0.822090 493.2191 273.4651 605.7636 563.6958
72 0.458263 100.2741 25.3064 499.1301 476.5941
F 274 3
0 0.842196 726.9753 253.1086 848.0945 553.4275
0 0.851791 495.1890 273.4677 604.8022 563.0650
72 0.480784 98.5597 25.7981 498.6381 475.8905
F 275 3
0 0.848400 728.1174 248.4709 847.9092 549.9079
0 0.799757 492.3075 274.9304 602.6861 562.2524
72 0.494452 98.9912 26.0398 499.6902 476.5179
F 276 3
0 0.890688 732.7097 248.7307 849.9907 548.6748
0 0.789966 488.1394 273.0503 595.0262 565.8566
72 0.446318 100.1341 25.1027 498.6006 475.9706
F 277 6
0 0.819514 730.2971 246.4584 852.9160 546.5607
0 0.779156 482.4676 277.2859 595.3061 564.8803
72 0.472858 98.2648 24.5710 498.4127 476.7061
11 0.301668 845.3572 95.3605 905.8243 154.4038
47 0.213186 578.2897 281.7080 627.1148 331.2306
54 0.153483 914.7505 509.0623 962.1980 557.2079
F 278 4
0 0.868259 733.4101 247.8480 854.6566 548.9170
0 0.778498 481.8623 277.0503 592.5562 565.4610
72 0.511436 100.3848 25.6395 499.5593 476.4798
60 0.130669 138.9306 619.0532 187.1784 668.4380
F 279 5
0 0.872043 737.3078 249.4326 859.9166 550.2059
0 0.839993 489.0496 275.8029 594.1234 564.9368
72 0.448493 100.6762 25.6466 499.5003 474.5405
67 0.147691 531.4795 181.4893 579.5077 231.3913
63 0.216660 155.0334 202.2076 207.5845 253.2215
F 280 4
0 0.837721 737.6665 247.1056 853.9262 549.5232
0 0.805482 475.0273 273.2787 590.0789 565.6451
72 0.434564 100.7133 23.7152 499.0317 473.8851
38 0.101532 1110.8738 191.9135 1157.2103 245.6018
F 281 5
0 0.858242 744.2014 251.0674 867.1036 549.8658
0 0.814679 480.3060 276.1285 589.3999 567.8909
72 0.467242 97.9037 25.0969 499.2845 475.9355
13 0.198936 356.9158 90.2659 407.9002 136.8372
51 0.178263 107.2527 631.7765 156.1775 681.1563
F 282 4
0 0.824174 744.5664 248.4535 866.4580 549.8847
0 0.775776 477.8048 271.6896 588.7004 563.8454
72 0.563761 97.1956 25.2802 498.4106 476.7134
4 0.170643 237.5901 633.8437 288.7104 680.9409
F 283 4
0 0.820297 745.5711 250.3756 867.5552 550.0109
0 0.827249 469.5908 268.4454 578.9169 559.3622
72 0.481942 98.0240 25.4740 499.9569 475.3706
42 0.147188 475.8584 429.8665 524.0144 481.7786
F 284 4
0 0.875315 751.5398 252.0936 870.4172 551.9449
0 0.784259 471.3233 274.7878 582.1100 562.5998
72 0.493900 99.5717 24.9777 499.7046 474.7938
14 0.147882 58.2236 131.5729 106.4150 182.5815
F 285 4
0 0.885349 755.1714 253.5735 876.4106 551.1793
0 0.838723 469.5730 276.5989 581.1818 566.7575
72 0.474437 101.5995 25.8169 500.5675 476.7351
16 0.143688 1145.8117 97.7641 1197.4761 147.8873
F 286 5
0 0.816718 755.5297 245.6021 877.3405 549.0043
0 0.785457 466.9982 277.2572 578.3269 564.6053
72 0.531219 100.1378 25.1999 500.1669 476.3093
54 0.392998 858.3723 357.1095 919.4587 416.1186
76 0.108391 620.0997 161.9112 670.8567 214.5782
F 287 3
0 0.836524 754.6466 248.5624 873.4405 552.3704
0 0.799758 463.3764 274.3485 573.9352 563.3040
72 0.457253 99.3067 24.7928 500.6382 473.6798
F 288 5
0 0.810338 761.8741 247.2908 884.8007 544.5876
0 0.803709 467.2256 269.5700 574.6021 562.2152
72 0.510253 99.9548 24.9262 499.0438 475.0815
58 0.189484 1147.0406 99.3595 1196.0080 148.1668
56 0.154851 642.5585 625.5172 692.8882 677.9684
F 289 3
0 0.835472 761.4823 251.4425 883.0035 551.2886
0 0.799496 463.3850 275.9729 572.4958 562.8579
72 0.522979 99.9234 26.4903 499.6308 477.3208
F 290 5
0 0.812571 768.2024 250.3651 888.0688 549.8283
0 0.789463 455.8624 270.4071 566.9316 560.6000
72 0.455247 99.7692 27.4555 500.1763 477.1113
70 0.206332 92.6084 614.1583 141.2492 663.9746
6 0.189338 1109.3093 24.6807 1159.4628 72.7326
F 291 3
0 0.863226 767.7528 248.7019 886.6228 547.8340
0 0.796279 455.8995 273.2313 564.2714 566.0821
72 0.545605 99.9644 26.0672 500.3134 475.8464
F 292 5
0 0.879862 771.4727 247.0699 892.6995 551.5179
0 0.813336 454.0897 275.9429 565.3992 569.0616
72 0.512656 99.2169 24.2581 501.8071 474.5826
76 0.227402 1060.4875 295.5822 1111.5959 345.3932
35 0.235195 512.4258 32.3519 563.7831 82.6889
F 293 5
0 0.816286 773.3494 247.5082 893.7628 547.6550
0 0.783713 446.8371 273.9396 560.8622 563.4803
72 0.491354 100.4297 26.0113 501.4786 474.8529
58 0.152657 943.0061 31.0228 993.6065 81.0212
58 0.171894 1090.4331 629.0604 1137.6532 678.3355
F 294 3
0 0.898872 774.4236 250.5321 894.0698 551.9312
0 0.801637 447.5019 278.9164 557.0422 566.3913
72 0.485488 100.1535 23.5731 500.9363 474.3359
F 295 3
0 0.832270 779.2009 246.7137 898.4478 546.9671
0 0.812529 446.5092 275.2792 555.3825 564.4746
72 0.515973 100.0719 25.0570 501.0537 476.2241
F 296 3
0 0.846115 778.0707 252.1384 899.5591 551.9836
0 0.804253 446.5529 273.4892 556.0007 565.2796
72 0.523812 101.0154 25.6287 501.7592 475.1318
F 297 4
0 0.850508 776.5079 250.7353 898.4206 550.9331
0 0.794433 442.7705 272.8439 554.7007 567.0971
72 0.535957 100.7914 25.3539 501.0581 475.6441
15 0.133850 45.1894 601.4975 93.9139 652.3934
F 298 3
0 0.875589 788.4944 250.7465 907.1727 551.2810
0 0.817127 441.7699 272.6721 552.5325 559.2312
72 0.535506 100.0156 25.3063 500.8881 475.7011
F 299 4
0 0.885203 788.4631 248.9715 906.1991 551.2415
0 0.786331 436.6304 274.4121 545.0381 563.9850
72 0.562239 100.0609 26.8015 501.5071 475.9728
3 0.148037 158.7531 638.5905 206.9070 689.3690
F 300 5
0 0.828195 785.5746 249.3726 905.8631 550.6384
0 0.827662 436.0088 276.1457 544.7846 563.0477
72 0.480250 99.9843 25.7062 501.9660 475.5836
29 0.150252 994.6550 456.3727 1042.5589 505.7667
69 0.197244 372.8412 618.5648 421.5992 663.6226
F 301 5
0 0.900625 791.8030 249.3960 909.6665 550.1545
0 0.757298 432.1200 275.7041 543.9057 563.6432
72 0.469807 100.4868 26.8683 499.0946 477.1605
72 0.122353 773.7011 525.3942 823.3121 572.2537
73 0.179116 1076.8232 243.9321 1128.9489 289.3990
F 302 4
0 0.862590 796.2102 249.2970 913.7322 550.3621
0 0.833105 431.9606 273.9635 543.1933 565.7371
72 0.587327 101.1292 25.0591 501.2254 475.2243
70 0.124414 1084.8627 125.7539 1134.4056 171.7997
F 303 5
0 0.872877 797.0508 249.5605 917.9421 549.9692
0 0.780082 431.3009 272.3969 543.1669 565.8967
72 0.470556 99.5901 24.3805 500.5952 474.0640
57 0.143803 1189.3646 150.1143 1242.6431 199.0599
48 0.154732 262.9872 42.3664 313.1556 89.5619
F 304 3
0 0.826815 802.8549 252.3356 922.5487 552.0782
0 0.795204 425.3899 272.4253 537.0996 561.1706
72 0.507040 96.9493 26.2905 498.2270 474.1573
F 305 5
0 0.829015 799.2240 251.6542 919.7226 552.7870
0 0.792228 423.3898 275.8019 531.5668 567.5233
72 0.420217 98.4907 24.4495 499.7420 472.7770
68 0.119611 451.9010 245.0979 498.4118 293.4123
24 0.177120 1052.8951 257.5629 1101.1142 305.9429
F 306 5
0 0.880474 806.0776 249.0864 925.5500 549.6432
0 0.779977 420.6553 270.7873 531.9359 562.6254
72 0.517309 99.4803 25.2518 501.4325 475.4462
74 0.112163 1037.2315 633.2229 1084.3799 681.8630
48 0.235866 125.7380 101.0300 177.1361 152.4818
F 307 3
0 0.809920 808.0526 250.5508 927.4867 552.1835
0 0.805281 421.8131 274.8608 531.4838 565.8289
72 0.537262 100.6157 24.7446 499.8487 474.3771
F 308 6
0 0.855618 810.3191 249.6610 930.2924 549.9688
0 0.844831 419.2986 274.1948 530.0849 563.5361
72 0.494651 100.4139 25.5772 499.0893 473.1919
28 0.359091 921.8648 153.0395 981.3848 212.7921
52 0.155790 347.0532 252.8697 397.4085 303.5268
68 0.225203 815.1926 615.6756 868.7107 664.6888
F 309 4
0 0.837334 813.7702 252.0376 932.3847 550.0540
0 0.855379 418.9280 272.7690 525.4608 561.1187
72 0.509362 101.3000 24.5509 499.7083 474.7365
0 0.202295 670.3435 418.7429 717.7722 470.5557
F 310 5
0 0.862779 811.8207 252.4664 934.1923 548.2392
0 0.795031 416.3353 273.3378 525.9497 560.5046
72 0.495207 97.9085 23.3369 497.3546 473.4413
31 0.276733 903.4432 357.8707 969.6033 422.2412
72 0.156634 1124.1825 590.3296 1173.9620 644.5337
F 311 5
0 0.787939 818.8203 246.6821 937.4794 546.4424
0 0.788734 411.2126 274.6287 520.9496 562.2368
72 0.479462 99.2579 25.2890 497.9545 475.9414
47 0.151850 784.5555 396.4572 835.0222 445.6068
75 0.186892 622.2555 196.3080 676.0334 248.9817
F 312 5
0 0.830986 818.4906 252.4241 938.1614 552.6805
0 0.791542 407.1247 275.7490 515.1637 562.6554
72 0.483966 101.7847 26.5209 501.6935 476.6256
67 0.109120 232.1965 59.9245 280.8931 105.7887
13 0.205914 926.4602 399.0967 972.4957 448.9435
F 313 5
0 0.814551 823.3986 248.8983 942.6386 545.9112
0 0.788290 404.1437 276.3392 516.7622 565.9158
72 0.455614 101.6301 25.0441 502.2114 475.6228
59 0.230193 995.9738 596.3467 1046.1066 646.3309
46 0.209800 463.6725 386.7004 514.7932 434.8956
F 314 4
0 0.864119 827.5965 251.3225 943.8756 548.8647
0 0.781245 407.7420 274.3693 516.9987 562.1012
72 0.474151 101.7447 22.5870 498.8875 473.2221
6 0.215488 986.9331 548.6666 1039.0941 597.2790
F 315 4
0 0.839826 830.5740 250.1243 948.1313 548.7010
0 0.759495 402.0799 273.1732 514.0291 559.8336
72 0.500943 98.0110 24.1105 499.0061 475.2056
71 0.137579 1065.1551 60.0793 1115.7532 112.3133
F 316 4
0 0.863533 831.7449 249.8053 950.8603 547.1702
0 0.790340 400.6802 273.4111 508.1101 569.8259
72 0.492584 102.5047 26.1574 499.9584 475.8687
69 0.127702 1127.2831 139.8250 1177.6205 188.4786
F 317 4
0 0.826707 833.5329 256.4347 954.1644 557.4865
0 0.797651 394.6079 275.3003 507.5886 565.6228
72 0.543122 100.5834 27.2136 498.9060 477.7697
51 0.144904 854.6966 113.7190 902.5009 164.7754
F 318 4
0 0.879994 834.5726 246.0920 953.0515 550.9815
0 0.813671 392.9385 275.8074 507.4610 568.0798
72 0.426829 100.0685 25.1868 499.6892 473.9324
25 0.191610 910.4660 499.2471 956.9703 548.2095
F 319 5
0 0.868407 841.7631 250.3240 955.0640 549.2545
0 0.776567 392.9227 273.1818 501.9758 561.7693
72 0.634076 100.7097 24.8460 500.6216 474.6869
52 0.224575 988.3802 605.5899 1038.7499 653.5408
18 0.108447 490.4340 425.8756 538.7380 477.3423
F 320 4
0 0.884219 837.6222 250.3152 960.3010 550.8782
0 0.797149 386.1446 277.4928 497.3561 567.6649
72 0.474678 98.7836 24.3297 498.6364 475.3902
22 0.152804 145.0827 412.5403 197.4499 462.6901
F 321 3
0 0.804580 843.2006 252.4815 960.3151 549.5052
0 0.805872 388.0328 278.1652 495.5959 564.4045
72 0.459094 101.4786 23.9912 501.4332 474.1985
F 322 3
0 0.881624 847.0008 252.6065 963.5514 549.0213
0 0.716012 385.4561 273.0133 496.8280 565.9126
72 0.485385 98.9459 25.8445 500.4394 474.9818
F 323 4
0 0.838822 850.1647 247.7129 967.9503 548.9713
0 0.798134 383.3379 275.0664 494.2592 564.2523
72 0.536494 99.7627 26.0362 500.9937 476.8582
53 0.123312 166.9968 281.7378 214.1993 330.0155
F 324 3
0 0.837110 848.4918 246.1340 967.3898 548.6530
0 0.820734 383.8981 274.3265 490.5085 565.6547
72 0.519690 98.9973 25.4500 498.7725 474.8996
F 325 5
0 0.828771 850.2165 250.5688 970.8845 551.1513
0 0.793592 381.0155 277.8580 487.2289 570.1903
72 0.516159 100.1633 25.0688 499.9141 473.8523
31 0.150712 980.5981 73.8707 1031.0836 124.2361
78 0.155989 412.1836 553.4247 463.8552 600.1235
F 326 5
0 0.845234 850.1981 252.2176 974.8147 553.2477
0 0.760193 377.3496 273.9432 487.6951 566.0704
72 0.546437 97.5860 26.6334 497.0647 476.0497
9 0.179926 695.6516 495.4929 745.2625 544.5087
61 0.216972 992.8268 613.4717 1042.3099 664.0190
F 327 5
0 0.835376 856.7690 249.4023 975.4227 549.9649
0 0.801873 375.2813 272.8390 484.7786 566.2711
72 0.498399 99.0636 24.7931 499.7030 474.5697
41 0.173004 1104.3595 497.3899 1149.0577 548.9449
5 0.194594 624.6349 396.8416 671.5069 445.2297
F 328 3
0 0.831534 862.2801 252.9191 981.2950 553.6155
0 0.807549 372.5823 272.9718 481.0288 560.0510
72 0.482993 99.9303 24.5655 499.7372 475.0231
F 329 5
0 0.875847 858.7470 250.8896 979.4712 549.2560
0 0.751435 371.6682 272.8612 483.1755 564.3416
72 0.498355 99.7971 26.4377 500.1456 475.4791
78 0.349424 759.0317 405.7295 816.1243 467.9187
47 0.191196 428.6920 425.6438 476.6086 473.6662
F 330 3
0 0.877333 866.9832 244.9045 987.4349 546.5975
0 0.762633 371.3256 274.2719 479.2834 563.5178
72 0.475631 98.8300 27.5818 498.3489 476.8111
F 331 3
0 0.846980 869.7735 249.3477 990.4145 549.4753
0 0.804103 364.6924 275.4397 477.9647 564.0302
72 0.471423 99.4451 25.0878 499.8144 475.9873
F 332 3
0 0.843883 871.3563 250.0253 987.3909 550.5092
0 0.803432 360.2002 275.1671 473.2159 564.3396
72 0.527956 100.2183 24.3778 499.2767 473.9550
F 333 5
0 0.873408 871.1983 252.6351 990.8874 551.2081
0 0.811933 359.2827 273.6704 471.7893 559.9945
72 0.525401 98.5741 25.1743 498.3500 474.7112
1 0.118007 446.6262 111.5653 497.0804 159.2373
63 0.229049 297.8824 411.3853 345.8669 463.4510
F 334 4
0 0.833096 873.5206 250.8289 993.9331 553.3966
0 0.756387 360.9797 275.8192 470.4000 562.0124
72 0.545069 100.8591 24.4454 499.5106 473.5674
52 0.230408 556.7008 103.3770 607.3177 155.0715
F 335 4
0 0.814307 877.5018 249.3253 997.6821 549.2183
0 0.780858 357.8426 278.0700 466.7335 565.6028
72 0.528644 100.8862 25.1408 501.0025 474.3101
45 0.231270 180.7827 434.6799 231.6718 486.7387
F 336 4
0 0.909138 881.8278 250.6912 999.6352 553.0478
0 0.825446 358.0244 274.8731 468.9095 567.7669
72 0.467528 101.0140 26.6229 500.2481 475.4990
56 0.158326 1146.3080 289.5815 1195.6302 339.0420
F 337 4
0 0.817260 885.4376 253.0733 1002.7870 554.5809
0 0.826747 353.5377 275.0486 461.5238 563.5465
72 0.508734 100.2254 25.0207 501.0735 475.2350
19 0.164738 845.8397 256.5761 899.6146 301.7434
F 338 3
0 0.803624 887.3268 248.0703 1005.5227 551.0522
0 0.814898 348.1088 271.9936 459.8030 565.5218
72 0.403559 101.1071 24.7211 499.4293 474.5848
F 339 5
0 0.835092 889.9197 250.4442 1011.4991 551.6699
0 0.811234 351.4759 271.9232 460.8346 563.6487
72 0.466051 98.8400 26.4884 500.3693 475.9309
73 0.124722 958.9504 394.2468 1014.7606 446.9750
78 0.184034 879.2974 526.4514 929.5204 575.4229
F 340 3
0 0.858823 891.0060 249.1218 1010.1372 550.8225
0 0.754464 348.3827 277.3813 459.0026 562.8219
72 0.584192 98.0149 24.4721 498.6861 473.9217
F 341 5
0 0.785752 891.0246 250.7379 1012.4378 550.2622
0 0.807719 346.4346 271.8052 455.0525 565.7299
72 0.460553 100.5074 25.4040 501.9933 474.8229
21 0.153671 209.6251 234.9208 261.2060 284.8326
58 0.207821 327.3982 609.1496 379.1402 657.7420
F 342 5
0 0.839632 896.6614 247.1492 1017.4723 547.4151
0 0.786645 342.6023 274.1284 453.1331 561.8319
72 0.439650 102.4319 23.8563 500.4027 474.8576
23 0.132644 619.0916 328.3869 668.9366 379.6543
39 0.114048 190.8431 175.0057 237.0500 224.3571
F 343 3
0 0.813384 898.7185 249.5783 1019.5221 547.7012
0 0.857042 335.5535 275.1057 450.8190 565.6219
72 0.459400 100.1996 26.9687 501.1034 475.0770
F 344 4
0 0.907489 899.5250 248.6584 1020.9456 549.7146
0 0.766386 343.1844 273.1879 449.8122 566.0456
72 0.578040 101.7027 25.1027 500.8706 476.0768
29 0.218631 963.0567 81.2713 1009.9401 129.9479
F 345 4
0 0.853929 903.5112 249.7159 1023.4842 549.5947
0 0.804150 337.2622 275.7770 447.2573 566.3942
72 0.480252 100.0019 24.5380 501.6810 474.5668
8 0.140676 788.0752 28.6470 838.2610 79.0587
F 346 5
0 0.867943 909.5077 249.5751 1025.6546 549.3981
0 0.746635 330.7372 277.7393 441.9703 566.5672
72 0.471152 99.6999 23.4565 500.2314 473.1642
47 0.229304 834.3531 169.9327 883.5883 218.4025
63 0.210750 646.6064 130.1692 691.4714 179.4836
F 347 4
0 0.792184 908.1226 252.4732 1025.5724 550.2346
0 0.805995 330.7608 277.6794 441.5159 568.8528
72 0.589967 100.0233 24.8983 499.0916 475.2124
59 0.135293 389.3787 296.7520 442.2056 342.1419
F 348 5
0 0.786679 912.5239 248.1036 1033.3032 545.7115
0 0.825214 330.1977 275.3470 441.9673 565.5707
72 0.531236 102.1799 26.5281 501.5859 475.7898
12 0.120224 1163.6632 563.2139 1213.8099 614.5756
39 0.115741 653.6395 297.1223 705.2505 347.7369
F 349 3
0 0.846683 909.5966 250.8124 1029.1163 550.3305
0 0.874266 322.3444 274.2240 434.9154 566.2934
72 0.565690 98.4605 24.2247 499.1551 474.0049
F 350 3
0 0.859163 915.7401 250.8394 1035.3542 551.2361
0 0.782156 324.7489 275.5298 435.4235 562.8603
72 0.429522 100.9821 25.3809 500.1015 475.2376
F 351 3
0 0.805656 920.5887 248.7009 1041.6013 548.3471
0 0.791155 325.0465 277.6259 434.6412 565.9818
72 0.607971 101.5957 25.0382 501.3864 475.4192
F 352 3
0 0.888530 918.9416 248.8234 1037.5511 551.6143
0 0.856755 319.0998 276.4675 432.0907 566.0476
72 0.457806 101.1885 24.8209 501.0712 476.3717
F 353 4
0 0.863107 922.4884 254.0579 1042.6370 553.8273
0 0.815838 318.8614 272.6028 429.2834 562.1304
72 0.574805 102.9286 24.3494 502.0548 473.5991
35 0.153620 565.7476 379.3065 618.1431 432.1458
F 354 3
0 0.806748 920.7374 249.3386 1043.1095 551.5548
0 0.808609 318.2118 273.8393 427.2905 567.8442
72 0.504635 99.7058 24.5706 498.2578 474.6815
F 355 3
0 0.814869 929.4705 255.4400 1050.4166 553.3128
0 0.777235 314.6755 272.7898 422.3640 562.4596
72 0.495713 99.7167 23.3162 501.6845 474.4729
F 356 4
0 0.905054 928.3368 254.6253 1050.6703 553.0207
0 0.789216 315.7944 276.8950 425.6738 567.4937
72 0.514695 99.6045 25.0618 499.0393 474.7281
55 0.198804 48.3840 605.9018 99.8328 657.5088
F 357 5
0 0.847452 933.9820 247.5412 1053.6793 549.2321
0 0.801293 309.2183 273.5566 422.1491 562.5911
72 0.524572 100.2164 26.4831 499.9282 475.5761
68 0.147839 516.3259 552.0306 567.1352 604.6954
50 0.121046 950.7859 305.2964 1002.2041 352.9969
F 358 5
0 0.838624 935.7776 248.9940 1055.4433 548.1282
0 0.781735 309.9843 275.0314 417.9800 563.7838
72 0.506611 101.4231 25.0585 503.0084 475.6499
34 0.229446 993.2740 601.2604 1042.2155 653.7781
1 0.112736 322.5783 128.5484 371.6049 178.0905
F 359 3
0 0.896858 933.4100 250.5976 1054.5409 548.2735
0 0.783724 303.2736 274.6132 412.2025 566.3817
72 0.556002 99.9614 24.6345 500.3152 474.7839
F 360 3
0 0.885117 941.9181 250.7970 1059.3559 552.7450
0 0.866397 304.2949 272.2276 414.5497 562.2888
72 0.515487 100.0438 25.4289 499.6647 475.7499
F 361 5
0 0.882778 942.4940 251.8094 1060.8814 551.2354
0 0.795489 302.1741 275.0206 414.8073 562.2389
72 0.496388 101.4742 26.3626 500.5419 475.2145
23 0.142825 953.7024 265.2631 1005.5697 312.6515
25 0.106516 43.2624 564.6343 94.0734 615.0575
F 362 3
0 0.829745 948.5465 247.4406 1068.7690 547.7683
0 0.735996 294.9935 272.1653 406.7514 564.2421
72 0.534156 100.1748 23.0766 500.4746 472.6381
F 363 3
0 0.920342 950.0599 251.6509 1068.1327 551.9714
0 0.764876 298.5131 273.4927 408.2373 561.9886
72 0.480184 100.3909 24.9762 500.6918 474.0375
F 364 3
0 0.832732 954.5991 255.4161 1069.8125 553.5580
0 0.796022 296.2649 274.8339 407.1854 563.5039
72 0.532309 100.3245 26.8465 497.3626 475.0013
F 365 5
0 0.824920 955.9046 252.6390 1078.3461 551.9264
0 0.821152 292.5009 271.8877 403.8534 561.6564
72 0.569082 101.6736 24.2838 501.1301 474.5503
54 0.338391 481.9235 226.4188 542.5509 284.7497
66 0.199275 643.2551 123.0955 692.5944 167.9151
F 366 3
0 0.839716 952.7810 254.0448 1073.8315 553.7435
0 0.807016 291.5956 273.8825 401.2594 563.2904
72 0.630551 99.6999 21.6941 500.5828 474.4111
F 367 5
0 0.818970 958.0162 252.3954 1076.9904 551.9729
0 0.764048 284.3211 271.8436 396.8005 559.6131
72 0.522249 100.3469 24.4137 500.4598 474.3799
74 0.206712 385.7640 487.8588 438.7349 541.0093
2 0.234016 152.4573 33.9076 203.3881 83.4414
F 368 4
0 0.851617 963.9723 248.1973 1084.0968 547.0953
0 0.831490 292.0693 273.7798 396.4605 565.1669
72 0.534708 98.3235 25.9743 498.3115 473.6408
12 0.175956 386.5957 151.5369 434.6686 204.6772
F 369 5
0 0.863375 957.8776 254.1136 1078.3126 553.0792
0 0.804761 282.0168 276.5079 387.0203 564.4883
72 0.572829 101.8371 24.1870 500.8836 475.2051
21 0.195369 674.1686 442.5594 720.9981 491.3466
65 0.196340 841.9720 375.5693 891.9081 421.6777
F 370 5
0 0.779276 960.4891 250.0881 1080.0979 549.8804
0 0.808249 282.1168 274.9363 389.0643 561.0590
72 0.565328 101.1088 23.3778 500.8608 473.8750
15 0.228174 128.8376 79.8799 177.4019 134.3609
64 0.199710 44.3825 488.0188 93.3719 537.1760
F 371 5
0 0.805135 966.3253 251.2349 1088.4787 552.5089
0 0.826761 276.3432 273.5777 388.9190 564.5793
72 0.459987 100.1688 25.8258 500.9363 475.9669
0 0.399904 914.2422 511.2111 974.7746 570.6403
73 0.206173 687.2736 409.2674 738.2829 459.1348
F 372 4
0 0.855191 968.6975 253.4341 1088.8912 548.9816
0 0.793336 277.9205 278.3134 386.7654 566.6899
72 0.560986 99.1312 24.7371 499.6460 475.5275
7 0.232333 799.9129 79.5351 847.7524 128.5772
F 373 3
0 0.842985 970.1304 245.2299 1091.8400 546.8847
0 0.808229 272.9236 276.5439 384.2907 564.4197
72 0.483766 99.2939 26.4071 499.5853 475.0790
F 374 4
0 0.905580 973.6586 249.0387 1092.3898 551.6631
0 0.798555 271.5667 271.7216 381.0936 563.4746
72 0.535730 98.7647 27.1715 498.5258 476.0958
3 0.132972 949.0345 569.2638 1000.1437 618.2108
F 375 4
0 0.887545 978.4338 249.9486 1098.8353 552.6556
0 0.790199 270.7713 276.1077 375.1660 565.3676
72 0.511670 99.2128 26.2472 499.9486 476.3749
46 0.220916 102.5351 80.6152 152.1058 126.7461
F 376 3
0 0.870709 980.9970 247.8284 1104.2342 551.5235
0 0.779599 266.2539 271.6783 377.3899 563.1771
72 0.531590 99.4686 25.0475 497.9969 473.3890
F 377 4
0 0.844507 983.4004 251.9883 1103.3670 550.6104
0 0.799794 266.7252 274.7085 376.8406 564.0829
72 0.473103 99.4944 24.6558 500.5807 473.0469
1 0.183080 899.4846 458.9914 948.5600 506.6685
F 378 4
0 0.848220 987.2551 253.9871 1104.4418 556.5435
0 0.782020 263.4085 276.3749 374.5276 567.2456
72 0.489867 99.3746 25.9126 500.6084 474.4020
54 0.199487 582.8751 91.4098 630.4375 141.5641
F 379 4
0 0.814966 987.8117 251.7192 1109.0201 553.5098
0 0.795451 257.2516 270.3333 367.0484 561.5144
72 0.565293 99.5105 24.5302 499.7731 475.6226
48 0.146926 1090.2447 616.5968 1136.7116 662.4724
F 380 5
0 0.842679 987.6243 251.2014 1110.5855 551.1299
0 0.855090 259.0935 276.4368 366.4889 566.6958
72 0.483738 100.7533 25.5451 498.8166 475.6636
49 0.121861 491.7919 440.2353 540.4099 491.1461
71 0.165554 129.9550 244.8345 181.0740 294.5390
F 381 3
0 0.870898 991.8198 251.9064 1113.1976 553.3040
0 0.851379 255.2951 279.1873 365.4412 566.1523
72 0.524510 100.0426 26.7057 499.5382 476.7560
F 382 5
0 0.865629 991.2518 252.8960 1114.6687 552.8784
0 0.751218 254.2335 275.6651 365.7111 565.0571
72 0.438952 98.9455 24.4131 500.7627 473.6876
0 0.115889 505.5044 31.6820 558.0498 82.5711
0 0.202795 967.9758 142.3306 1017.9165 193.4140
F 383 3
0 0.844489 996.8418 249.1902 1117.5788 547.2874
0 0.853303 251.5508 274.6281 363.1663 564.4539
72 0.504527 100.4185 24.6150 499.4738 473.8983
F 384 3
0 0.837525 997.0498 252.3769 1121.1090 550.4824
0 0.816857 249.9270 275.6809 360.9620 563.0776
72 0.542633 99.4099 23.5430 501.0420 474.4142
F 385 5
0 0.805311 1001.3029 247.5429 1122.5853 550.3165
0 0.741484 247.0188 274.7837 359.0641 564.7004
72 0.434915 100.1989 23.9182 499.4031 473.9613
22 0.221228 888.7279 73.0405 934.3136 121.2745
3 0.115899 895.5903 220.3223 945.6221 272.8107
F 386 5
0 0.860122 1003.7861 246.5770 1123.5346 548.6173
0 0.758425 245.2835 274.2608 349.7270 567.9878
72 0.477505 101.4908 27.4384 500.0072 476.3642
64 0.136714 218.1627 305.0988 267.4772 355.0242
2 0.126780 1146.1479 418.4908 1197.2357 472.0817
F 387 5
0 0.889503 1008.9081 248.3548 1127.4516 548.0346
0 0.809527 243.8450 271.4934 352.3358 562.5520
72 0.542695 99.4249 24.9159 497.7135 474.3394
10 0.191975 903.9893 591.6234 953.9031 641.0584
72 0.168634 339.6979 477.9053 386.4043 528.9735
F 388 5
0 0.895269 1010.7015 250.2913 1129.2830 550.8829
0 0.834732 240.6270 273.8733 351.4253 565.5567
72 0.416342 99.8074 23.7698 500.3154 474.8299
47 0.221396 1113.2550 520.1264 1162.8508 567.6479
9 0.188371 269.3958 213.9374 319.8706 260.1386
F 389 4
0 0.844709 1008.1087 252.0095 1131.0444 551.9567
0 0.813636 236.8109 270.6604 345.6770 560.1401
72 0.422635 99.7645 24.5278 500.4240 476.1147
62 0.188791 100.1582 144.5365 149.6999 193.2361
F 390 5
0 0.966867 1014.8823 250.9221 1138.5686 552.9362
0 0.806555 237.7112 274.7093 349.1834 561.5668
72 0.521898 99.5903 23.9947 501.5604 472.8233
3 0.121739 400.5517 646.4852 452.1783 697.9353
27 0.119866 230.1813 338.3745 279.5887 389.6499
F 391 3
0 0.836104 1019.2876 250.6537 1137.2151 548.8436
0 0.777863 233.0797 275.5976 345.4163 563.4177
72 0.396380 100.7749 23.2374 500.6765 475.8749
F 392 4
0 0.868869 1020.9821 250.8965 1143.0002 549.6973
0 0.778899 230.0723 278.8881 343.3209 567.7013
72 0.560984 100.0136 25.6259 499.7176 476.6370
24 0.135135 394.0402 215.0194 443.2996 261.3568
F 393 5
0 0.781158 1015.3842 250.4521 1138.2439 547.1693
0 0.791163 226.2863 276.9694 337.1092 567.7056
72 0.571210 102.0062 26.7579 501.4495 475.4344
49 0.185916 832.3691 192.2102 881.2912 244.7221
10 0.224541 429.2530 613.1419 479.7999 663.4198
F 394 3
0 0.885937 1023.3749 250.3529 1144.0317 550.4906
0 0.822261 228.4493 279.0047 337.0732 566.1271
72 0.500028 101.5598 24.6685 500.9563 474.3551
F 395 4
0 0.845860 1026.6398 245.9047 1149.8109 547.1897
0 0.774703 227.3527 277.1804 340.4683 564.8441
72 0.587533 99.6811 23.0587 500.4990 472.7909
53 0.221202 378.1776 592.6728 428.3355 641.3970
F 396 5
0 0.821908 1030.5160 253.3044 1149.4037 551.2519
0 0.829785 221.8177 276.2404 336.1983 563.8257
72 0.512384 97.8904 24.1327 498.5380 475.3339
65 0.166144 179.9504 87.0690 230.9111 133.3183
32 0.195749 196.2853 531.2982 245.1015 578.7239
F 397 5
0 0.788424 1032.1125 246.3894 1151.8386 547.3175
0 0.787595 219.9024 277.2572 329.5739 567.8191
72 0.551071 97.3914 24.1527 500.0048 474.0313
51 0.195725 160.4798 197.8802 211.6701 244.3931
62 0.164236 85.9207 346.8829 133.0998 398.0698
F 398 5
0 0.819987 1033.4014 252.6430 1157.8331 552.5825
0 0.822781 222.6843 277.0690 327.5170 566.3515
72 0.517020 100.0792 23.6779 500.9691 474.8543
32 0.227625 481.4245 481.1330 529.5955 529.5864
34 0.172306 1122.5248 398.3623 1170.4704 447.1765
F 399 5
0 0.854998 1038.7746 247.8783 1158.0049 550.7703
0 0.786885 218.5789 275.9452 326.8997 562.9160
72 0.474539 99.7678 26.1018 498.6322 475.7206
38 0.230003 819.8303 471.1796 872.6746 521.0222
1 0.138831 1157.6272 504.3868 1207.1640 557.0349
F 400 4
0 0.876298 1042.4383 250.5027 1161.8208 549.8603
0 0.790065 210.8602 275.7914 322.6005 565.8524
72 0.476765 99.8914 24.3341 500.2652 476.2056
26 0.143690 36.6064 182.7536 88.1211 235.7852
