F 1 3
1 0 0.850037 43.9881 249.9064 162.2069 548.9971
2 0 0.770251 1093.4125 278.3009 1202.4281 567.0600
3 72 0.524492 100.8221 25.1200 499.8917 475.0908
F 2 3
1 0 0.854703 45.1715 245.6618 163.6764 545.4574
2 0 0.803399 1088.8132 275.3092 1197.6891 563.7414
3 72 0.553045 100.0024 25.2409 498.6906 474.7306
F 3 3
1 0 0.848004 48.5763 250.8991 167.2811 551.2075
2 0 0.786101 1088.7202 273.2125 1197.9220 562.5443
3 72 0.544938 100.9705 23.7748 500.4222 474.1418
F 4 3
1 0 0.836693 52.1359 251.0729 171.2110 552.2390
2 0 0.789804 1088.7695 275.2448 1197.5507 563.1959
3 72 0.517334 99.6229 23.3602 498.3310 472.8312
F 5 3
1 0 0.865597 52.2453 251.2290 170.5233 550.1162
2 0 0.807795 1083.9907 276.4005 1193.4019 565.9283
3 72 0.470449 99.9413 22.8236 499.1773 472.9219
F 6 3
1 0 0.797617 56.1358 249.2720 174.9171 549.0700
2 0 0.753895 1083.9543 277.7206 1193.3971 567.2650
3 72 0.492007 99.5651 25.0346 498.7471 475.0513
F 7 3
1 0 0.831218 56.0929 250.9216 175.4698 552.2134
2 0 0.800400 1079.7115 275.4971 1189.2577 565.4299
3 72 0.481237 99.4285 23.4949 499.5565 474.6732
F 8 3
1 0 0.813517 61.5124 249.7614 180.6673 550.2097
2 0 0.786766 1077.0344 276.1115 1186.5426 565.9543
3 72 0.501111 101.0085 25.1246 500.2623 475.1866
F 9 3
1 0 0.895449 61.3166 250.5653 180.9262 551.9307
2 0 0.856370 1077.2343 273.2570 1186.9792 564.3766
3 72 0.449249 101.2324 26.3627 499.2511 474.9522
F 10 3
1 0 0.851332 64.8287 251.3516 183.3203 549.8233
2 0 0.795000 1072.7037 272.1296 1182.3026 562.5240
3 72 0.520326 100.2729 25.3825 498.5857 474.2606
F 11 3
1 0 0.860682 67.9789 252.6909 187.1285 553.3197
2 0 0.797315 1070.7590 271.4476 1180.5875 562.6400
3 72 0.495876 100.3108 24.9669 499.3850 474.5417
F 12 3
1 0 0.829238 67.5277 245.8179 187.1496 547.8431
2 0 0.801414 1067.1230 272.2868 1176.9861 562.9841
3 72 0.502400 100.0563 24.8373 499.7747 475.0601
F 13 3
1 0 0.852497 70.1473 247.2984 189.8878 549.6477
2 0 0.810033 1066.1350 276.2841 1175.6135 566.0547
3 72 0.409162 100.9888 25.3671 501.0574 475.9098
F 14 3
1 0 0.856465 73.7193 247.7447 193.6827 550.6353
2 0 0.816671 1063.8975 273.6527 1174.0732 565.7260
3 72 0.525334 100.5953 24.9375 500.2790 475.1075
F 15 3
1 0 0.843183 77.2194 249.4959 196.1826 550.2596
2 0 0.774368 1062.8909 272.4640 1173.4033 565.2899
3 72 0.484320 100.2039 25.4394 499.3297 474.8496
F 16 3
1 0 0.832210 78.1013 249.2761 197.6823 550.8156
2 0 0.771737 1059.2178 273.5204 1169.0822 564.3260
3 72 0.510723 100.3146 24.9029 499.9054 474.8240
F 17 3
1 0 0.856508 81.0719 248.3375 200.2647 548.6595
2 0 0.765454 1057.3644 272.2290 1167.7372 563.9413
3 72 0.554238 99.9978 25.4360 499.4591 475.1558
F 18 3
1 0 0.874164 85.0817 246.5012 204.7836 547.3887
2 0 0.840300 1054.4679 271.9071 1165.3553 565.9064
3 72 0.491227 101.5438 25.2916 500.3576 474.0852
F 19 3
1 0 0.850105 86.8997 247.7757 206.3516 547.3985
2 0 0.844949 1052.2007 274.8666 1161.8395 565.3764
3 72 0.529384 100.7844 25.8698 499.7282 474.7039
F 20 3
1 0 0.848223 91.6321 247.6901 210.6655 546.5369
2 0 0.766115 1051.2551 273.5294 1160.9344 564.4703
3 72 0.462224 101.1004 25.2911 499.6608 473.6484
F 21 3
1 0 0.819641 91.6380 250.8172 210.7118 549.0884
2 0 0.758287 1048.7916 275.9742 1158.0079 567.0013
3 72 0.446212 101.4820 24.8902 500.1756 473.2900
F 22 3
1 0 0.827011 94.7447 249.6008 214.1013 548.8596
2 0 0.768701 1047.7588 275.3879 1156.8026 565.5073
3 72 0.463637 99.8526 24.7194 499.5079 474.2919
F 23 3
1 0 0.852014 96.2301 250.4566 214.8067 547.4277
2 0 0.802745 1045.4532 275.2130 1154.3135 564.7365
3 72 0.451173 100.0381 24.9230 499.3496 473.9903
F 24 3
1 0 0.774024 100.3609 248.6579 219.1823 546.6802
2 0 0.838178 1041.8820 274.4078 1151.9425 566.3155
3 72 0.494832 99.7268 23.9941 499.7129 473.9478
F 25 3
1 0 0.840718 103.2577 247.8234 222.5678 547.8577
2 0 0.798346 1040.6433 272.9532 1149.9872 562.8650
3 72 0.456789 98.2476 24.2718 498.5548 474.5307
F 26 3
1 0 0.845222 105.3038 249.4985 224.9183 549.4900
2 0 0.844081 1036.7970 273.4857 1146.5110 564.4702
3 72 0.552263 98.4602 24.3410 498.3364 474.0254
F 27 3
1 0 0.824376 107.8753 248.7551 227.7793 549.1119
2 0 0.772311 1035.5573 274.4096 1144.9974 563.9241
3 72 0.478041 100.0662 26.2163 500.3396 476.1579
F 28 3
1 0 0.846267 109.0694 250.2738 228.6240 549.3277
2 0 0.750613 1031.7037 275.7835 1141.0815 565.3912
3 72 0.510628 100.5516 25.5382 500.4413 474.9460
F 29 3
1 0 0.818884 111.6108 253.5697 231.5427 553.0785
2 0 0.821360 1033.2029 274.2137 1143.1609 565.6506
3 72 0.524709 100.0209 24.3029 501.2581 475.2264
F 30 3
1 0 0.870529 111.8833 251.9367 232.0914 552.3393
2 0 0.820474 1029.6097 272.9847 1139.0348 562.5356
3 72 0.483490 99.3008 24.1089 500.3956 475.2776
F 31 3
1 0 0.831626 113.4805 249.4019 234.8348 552.1830
2 0 0.839655 1027.9623 273.4088 1137.7739 563.1475
3 72 0.496556 99.5687 24.7545 499.9375 475.1510
F 32 3
1 0 0.894709 115.7675 248.4615 236.6107 550.4012
2 0 0.818188 1026.9100 272.5433 1136.8030 562.0425
3 72 0.466719 100.3824 24.4272 500.1511 474.3369
F 33 3
1 0 0.813465 121.5303 248.1171 241.8230 549.7679
2 0 0.796657 1023.6573 274.2232 1133.7926 564.0732
3 72 0.561810 100.8139 25.5310 499.9560 474.5371
F 34 3
1 0 0.847310 123.7684 249.0628 243.8091 550.4050
2 0 0.778264 1020.5400 276.7062 1130.7455 565.3094
3 72 0.476775 99.9209 25.8861 499.2618 475.1952
F 35 3
1 0 0.814923 125.8734 250.8159 246.1864 552.8390
2 0 0.785620 1018.6404 273.2357 1130.1554 565.9969
3 72 0.538357 99.3281 24.8821 499.7022 475.4289
F 36 3
1 0 0.846667 130.1460 251.1094 250.0518 552.2602
2 0 0.791662 1016.1827 274.1960 1126.7750 565.2184
3 72 0.543858 99.3724 25.1498 498.9887 474.6589
F 37 3
1 0 0.854445 133.0457 252.2711 252.3031 551.7452
2 0 0.794344 1015.2736 273.3160 1125.5522 562.8446
3 72 0.444963 100.7365 25.1117 500.3210 474.6956
F 38 3
1 0 0.835236 135.6310 251.1830 254.7595 550.3952
2 0 0.833400 1011.9344 275.1806 1122.7593 565.7704
3 72 0.613544 99.2956 24.9631 500.0250 476.0403
F 39 3
1 0 0.847664 139.4570 248.1380 258.4802 546.4524
2 0 0.828760 1009.0817 274.5305 1119.3843 563.5400
3 72 0.454362 98.4795 24.6305 499.2027 475.7205
F 40 3
1 0 0.837380 143.1401 249.1513 263.3768 549.7732
2 0 0.780132 1006.2311 275.3982 1116.7343 565.0812
3 72 0.485690 98.3128 24.5889 498.4342 475.2482
F 41 3
1 0 0.828537 143.9562 251.1943 262.9744 549.1167
2 0 0.768018 1001.7038 274.5990 1112.0681 563.0778
3 72 0.532570 98.6210 25.0640 498.3595 475.2708
F 42 3
1 0 0.853569 149.1328 252.5498 268.0745 550.6061
2 0 0.787858 1002.3746 273.1996 1113.2648 563.7966
3 72 0.543233 99.6176 24.5191 498.7814 474.1306
F 43 3
1 0 0.841913 148.8523 251.3198 268.2603 550.3080
2 0 0.834107 997.3553 274.2541 1107.9633 564.6580
3 72 0.511038 99.2792 24.2822 498.9515 474.3622
F 44 3
1 0 0.823176 150.1563 251.5298 270.1353 551.8247
2 0 0.810683 996.8739 274.0764 1107.6116 565.2323
3 72 0.445788 100.8997 24.9177 500.2465 474.6221
F 45 3
1 0 0.881682 155.7198 252.0399 275.8303 552.6321
2 0 0.818512 994.8193 273.9064 1104.8577 563.0912
3 72 0.496927 100.5995 26.5633 500.0027 476.3690
F 46 3
1 0 0.819537 155.8238 251.1832 275.6313 550.6333
2 0 0.792487 991.1863 274.5421 1100.7487 561.3329
3 72 0.483110 100.5540 25.3676 499.9967 475.2530
F 47 3
1 0 0.809004 158.4809 250.8693 277.5666 548.3654
2 0 0.773284 990.3254 276.0904 1100.7332 564.7832
3 72 0.490536 99.6537 25.2032 499.4838 475.5602
F 48 3
1 0 0.869199 161.4606 251.0025 282.0120 551.8785
2 0 0.819842 986.7347 275.5203 1097.2665 564.5341
3 72 0.545563 99.5354 24.2428 499.6863 474.8176
F 49 3
1 0 0.885766 162.2412 249.1544 282.7461 548.9107
2 0 0.763011 986.1896 275.2573 1097.0851 565.9471
3 72 0.475634 99.4450 25.0391 499.0660 474.8358
F 50 3
1 0 0.934733 163.8076 251.5673 284.2540 551.3212
2 0 0.821650 985.7589 277.1806 1096.2422 566.6691
3 72 0.473118 100.0226 25.2609 500.1155 475.4577
F 51 3
1 0 0.867572 169.2001 252.0256 289.5510 551.6814
2 0 0.802555 982.8223 274.0665 1094.0586 566.0175
3 72 0.414893 99.9958 24.2219 500.4256 474.8488
F 52 3
1 0 0.856615 172.8389 252.0495 292.6419 550.0652
2 0 0.842934 983.2498 275.7533 1093.2465 564.3751
3 72 0.544166 101.6339 25.0006 502.1189 475.5922
F 53 3
1 0 0.809576 170.7148 249.6488 291.9581 551.5759
2 0 0.755074 978.4605 276.7147 1088.5560 565.7719
3 72 0.585458 100.3930 24.1279 500.5930 474.5675
F 54 3
1 0 0.820438 174.7841 250.1792 295.6695 551.7500
2 0 0.817156 973.8331 275.6139 1083.9457 564.5129
3 72 0.393053 100.4904 25.8947 499.5090 474.6056
F 55 3
1 0 0.774319 181.0905 251.5724 301.4981 550.9714
2 0 0.844025 975.3342 278.0764 1085.1405 566.0862
3 72 0.491134 98.9305 24.5430 498.1516 473.3951
F 56 3
1 0 0.823080 178.9487 247.3589 300.8011 550.2657
2 0 0.814491 971.0720 276.5507 1081.5884 566.8813
3 72 0.514550 99.8475 25.3642 499.4223 474.6633
F 57 3
1 0 0.830314 178.3053 253.1317 299.2046 552.8828
2 0 0.805070 969.2291 276.1514 1079.0636 565.4020
3 72 0.523398 99.4462 25.1563 500.5835 476.4480
F 58 3
1 0 0.839553 182.2302 250.0747 303.5368 550.8400
2 0 0.782677 965.8217 275.1029 1076.2535 566.2013
3 72 0.632765 100.5763 25.3198 500.5594 475.2486
F 59 3
1 0 0.813452 187.9993 250.1404 309.7206 551.4771
2 0 0.844689 964.2794 276.7654 1074.4526 565.5887
3 72 0.558813 100.9741 24.9759 501.7093 475.7955
F 60 3
1 0 0.798368 190.8246 253.2971 312.1999 555.1407
2 0 0.811355 962.4282 277.3914 1072.6703 567.1861
3 72 0.575098 100.3434 24.8572 500.4064 474.8652
F 61 4
1 0 0.849816 191.2994 251.3736 311.9290 550.5413
2 0 0.767301 962.2453 275.8115 1072.9568 566.1911
3 72 0.454647 100.0211 25.7809 500.1643 475.7816
8 2 0.702507 124.0221 55.4639 279.6621 145.7508
F 62 4
1 0 0.874642 193.3596 250.5466 314.6442 551.1030
2 0 0.800636 961.7694 275.6807 1072.5984 566.8344
3 72 0.520967 99.9018 26.0114 498.9960 474.6731
8 2 0.691137 127.4399 57.0110 281.7779 146.5116
F 63 4
1 0 0.883101 195.8068 249.0532 317.3812 550.6750
2 0 0.732061 956.6697 274.4361 1066.6031 563.7267
3 72 0.456923 99.9794 24.6370 500.0070 474.4041
8 2 0.662597 131.8715 62.2554 285.2042 151.0447
F 64 4
1 0 0.833104 198.4120 249.1140 320.4601 552.4291
2 0 0.806414 956.4073 276.0775 1065.9866 563.9073
3 72 0.493647 99.7625 24.4045 500.1382 474.9020
8 2 0.680642 133.1334 61.2306 288.9951 151.4263
F 65 4
1 0 0.837708 201.7609 250.3642 321.9560 548.7872
2 0 0.814860 951.1180 275.2671 1060.6010 562.9315
3 72 0.431450 99.0906 24.5763 499.5405 475.1407
8 2 0.650275 137.8539 62.6827 289.0060 149.8242
F 66 4
1 0 0.887355 204.3444 251.9683 324.9192 551.4683
2 0 0.772356 948.9524 275.6707 1058.9933 565.6706
3 72 0.517431 99.6947 23.1665 500.1544 473.8091
8 2 0.661852 140.9569 61.0944 294.0701 149.1414
F 67 4
1 0 0.794716 208.1060 251.0189 328.4575 549.5890
2 0 0.781446 950.3367 274.3151 1060.1309 563.9764
3 72 0.448872 101.1702 26.0190 500.3497 475.1200
8 2 0.758599 145.4614 66.1370 299.1681 154.2287
F 68 4
1 0 0.854199 208.5355 249.6567 329.1452 549.4982
2 0 0.803291 948.0231 275.3845 1057.7906 565.8181
3 72 0.544847 101.0158 26.3862 500.1623 475.4161
8 2 0.746504 145.6967 64.7550 300.2853 153.0756
F 69 4
1 0 0.808061 209.9729 248.0703 330.6555 548.4927
2 0 0.731066 945.2243 273.1166 1055.0226 564.1971
3 72 0.496268 99.3410 26.6616 499.0679 476.4610
8 2 0.709995 150.9042 67.5309 306.1054 155.9223
F 70 4
1 0 0.839134 215.9032 248.1862 337.4692 551.3016
2 0 0.810841 940.6924 274.4940 1050.5577 566.4088
3 72 0.560299 99.3803 25.2031 499.2555 475.1417
8 2 0.651116 153.1800 67.1496 309.4264 156.0312
F 71 4
1 0 0.821085 217.4093 249.6693 339.0686 552.8994
2 0 0.791111 937.1786 275.4034 1047.2177 567.6208
3 72 0.500553 100.4121 25.4592 500.6538 475.7739
8 2 0.719885 155.4000 71.0713 312.1485 159.9952
F 72 4
1 0 0.811683 218.6855 249.3148 340.0017 550.7897
2 0 0.828041 934.4048 274.4215 1044.8944 567.6384
3 72 0.465186 100.6180 25.3695 500.5863 475.4801
8 2 0.686826 154.5188 73.9410 311.7898 162.9810
F 73 4
1 0 0.847432 221.8457 251.3150 342.6646 551.6373
2 0 0.791704 934.2559 273.6279 1043.9397 564.7682
3 72 0.471708 99.7582 24.2857 500.5391 475.2087
8 2 0.722498 158.6581 77.8398 317.0009 167.3941
F 74 4
1 0 0.854119 224.6028 250.2868 344.9564 549.8660
2 0 0.777608 933.2501 276.5639 1042.3119 566.8196
3 72 0.479091 100.5091 24.4344 500.2487 474.0982
8 2 0.734835 162.4149 77.2156 320.9352 166.7513
F 75 4
1 0 0.813688 228.3005 248.7813 348.9712 549.4269
2 0 0.824397 929.9286 274.4911 1039.6082 566.8781
3 72 0.532497 99.2951 24.6247 499.5252 474.8137
8 2 0.791459 168.4348 78.0841 324.9456 166.2379
F 76 4
1 0 0.839031 230.5620 248.7952 351.2109 550.0549
2 0 0.783811 927.3696 272.5536 1036.7268 564.2962
3 72 0.419117 99.6248 25.2498 499.8288 475.4792
8 2 0.644160 172.8336 81.8453 327.9069 168.8445
F 77 4
1 0 0.778875 233.3142 248.3546 354.4923 551.5967
2 0 0.804167 925.0459 274.7135 1033.5878 564.3354
3 72 0.519318 99.1963 24.5103 499.8634 475.1638
8 2 0.740141 173.2354 82.2025 331.9097 171.0953
F 78 4
1 0 0.839224 234.7524 248.9549 354.3586 547.8737
2 0 0.803316 923.9650 274.9459 1031.9280 562.9386
3 72 0.593566 98.8518 25.9620 499.0213 475.9660
8 2 0.642146 176.3781 85.0991 335.5209 174.3276
F 79 4
1 0 0.881184 238.0709 249.2078 357.9583 548.8072
2 0 0.772519 923.0573 272.5178 1032.2313 563.0057
3 72 0.495348 98.8126 24.9662 499.3793 475.4548
8 2 0.714346 180.5769 84.9432 337.4666 172.6225
F 80 4
1 0 0.924672 239.4618 249.5820 359.5451 549.8683
2 0 0.819336 921.7230 273.3799 1030.7789 562.3215
3 72 0.513854 100.5121 25.6860 500.3498 475.4026
8 2 0.676883 180.5518 86.7168 340.7546 176.5161
F 81 4
1 0 0.864825 240.3885 251.9128 360.3343 551.6711
2 0 0.778717 916.9769 272.9076 1026.2278 562.5039
3 72 0.491132 99.2475 25.0257 499.2246 475.0194
8 2 0.793233 185.3782 87.6343 342.6888 175.7476
F 82 4
1 0 0.825810 245.7744 250.2957 364.9234 548.3485
2 0 0.757746 915.3301 276.9991 1024.9465 568.0959
3 72 0.512555 99.1857 25.0489 498.7953 474.5865
8 2 0.796530 184.6582 89.2740 342.9730 177.8432
F 83 4
1 0 0.880410 246.1627 250.3486 365.3775 548.8234
2 0 0.829011 912.0344 275.7162 1021.0364 565.9160
3 72 0.504501 99.4469 24.9368 498.8792 473.9598
8 2 0.647469 186.5845 91.3039 347.5586 181.2498
F 84 4
1 0 0.896626 248.3668 252.2048 367.5568 550.6082
2 0 0.803080 910.4083 274.6029 1018.7570 563.4226
3 72 0.572618 101.0962 25.5718 500.8939 474.8617
8 2 0.696142 191.0989 90.1602 352.1287 180.3150
F 85 4
1 0 0.855153 251.2286 250.0350 371.0620 549.6698
2 0 0.765009 910.0408 275.6324 1019.0222 566.2814
3 72 0.463242 101.1882 25.1903 501.0776 474.6797
8 2 0.661708 195.2200 92.7359 354.9670 182.1034
F 86 4
1 0 0.844604 254.6303 249.8905 374.0306 548.5395
2 0 0.835645 906.8914 276.4654 1015.8232 566.8027
3 72 0.491481 100.8267 25.8343 500.6556 475.2025
8 2 0.661002 198.5388 92.7122 361.9037 184.4518
F 87 4
1 0 0.866015 256.7066 252.7041 376.7751 552.9276
2 0 0.794867 902.3295 273.5372 1011.5378 564.1767
3 72 0.488000 99.8153 24.8362 499.1999 473.6432
8 2 0.744946 203.1078 99.0590 363.5930 188.9883
F 88 4
1 0 0.869827 261.9918 250.5273 381.2976 548.7918
2 0 0.848560 902.9767 275.3297 1011.9764 565.7930
3 72 0.488268 99.9363 24.9355 499.7994 474.2348
8 2 0.742729 205.3616 98.2050 364.9998 187.6205
F 89 4
1 0 0.837085 263.5416 248.8020 383.5443 548.9320
2 0 0.801352 899.4112 273.4673 1008.5895 564.0895
3 72 0.487082 99.2931 25.4267 499.5941 474.9760
8 2 0.716837 208.4869 95.9810 367.3478 184.8501
F 90 4
1 0 0.843242 266.3106 251.9494 386.5496 552.3738
2 0 0.835513 898.6231 276.7038 1007.9091 566.7734
3 72 0.512922 99.8497 25.6126 499.9720 474.9403
8 2 0.594818 209.3723 96.3284 369.4793 185.9348
F 91 4
1 0 0.862550 269.4576 250.3217 389.1030 549.4043
2 0 0.777353 895.4503 273.3498 1004.8337 564.1291
3 72 0.496452 100.1808 24.1582 500.2665 473.5527
8 2 0.701627 211.7117 101.3058 372.2498 191.2059
F 92 4
1 0 0.849202 268.2389 252.6499 387.6065 550.7665
2 0 0.794053 892.1967 278.1892 1000.9097 566.4019
3 72 0.527308 100.2523 26.6830 499.3972 474.9861
8 2 0.703293 214.5908 102.0882 375.6740 192.6388
F 93 4
1 0 0.803211 270.0381 250.2697 389.8046 549.6714
2 0 0.833677 889.9513 277.5740 998.7903 565.4562
3 72 0.511423 99.2673 26.3262 499.3593 475.7160
8 2 0.633015 218.6066 103.2173 379.0077 193.2916
F 94 4
1 0 0.848701 273.9962 249.6484 395.0672 552.6315
2 0 0.807300 886.6429 277.8901 995.8065 566.6894
3 72 0.350416 99.9262 25.7063 500.8843 476.1444
8 2 0.784550 222.1199 106.9901 381.5904 196.5684
F 95 4
1 0 0.854225 278.0969 248.3348 398.6774 550.8080
2 0 0.833155 885.9408 275.1966 995.5501 564.8950
3 72 0.541881 99.2801 25.6942 499.3878 475.1490
8 2 0.710782 226.4011 108.2712 383.5638 196.2504
F 96 4
1 0 0.871449 280.7862 250.9404 401.3965 553.4877
2 0 0.769181 881.7701 276.5941 991.9796 567.1656
3 72 0.511303 99.4385 24.5719 500.2869 474.8203
8 2 0.725295 227.9828 110.1846 388.9907 200.4436
F 97 4
1 0 0.865052 281.3637 249.4499 401.3504 550.0166
2 0 0.824289 885.1203 277.1944 994.9543 566.2389
3 72 0.467852 99.1360 24.6871 499.3672 474.3633
8 2 0.689564 229.1838 108.7890 390.5492 199.5083
F 98 4
1 0 0.832458 287.4901 249.1258 406.9264 547.7371
2 0 0.759766 880.7601 275.9088 991.0738 567.1252
3 72 0.460120 100.0475 25.7136 499.5740 474.4186
8 2 0.780928 235.7933 111.8979 392.8105 199.9611
F 99 4
1 0 0.839768 286.8713 249.1836 406.7976 548.2114
2 0 0.782467 879.6567 276.3190 989.4510 565.9890
3 72 0.422379 98.9860 24.8216 499.3396 474.5853
8 2 0.727588 240.1089 115.1941 394.7034 201.6190
F 100 4
1 0 0.821376 289.1854 250.0590 408.5810 548.2182
2 0 0.796990 876.0892 274.7385 985.9718 564.3290
3 72 0.449004 99.2341 25.7779 500.2044 476.4777
8 2 0.768889 242.5498 114.4482 401.7453 203.3077
F 101 4
1 0 0.871108 293.3954 248.2826 413.6622 548.2279
2 0 0.852877 871.9004 276.2051 981.1432 563.9551
3 72 0.464256 100.1823 24.6866 501.1151 475.5414
8 2 0.749444 243.8713 114.5651 406.3529 205.5237
F 102 4
1 0 0.874504 294.5778 249.1196 414.0052 546.9346
2 0 0.778085 869.4504 277.1160 978.7990 565.2323
3 72 0.432977 98.9760 24.4508 499.9798 475.5349
8 2 0.668543 249.4722 118.9004 406.8984 206.6811
F 103 4
1 0 0.860284 296.8235 249.0266 417.0251 548.6421
2 0 0.775039 869.8875 275.1269 980.3193 566.3874
3 72 0.551201 99.7606 25.3487 499.7431 475.3419
8 2 0.586983 252.2738 117.8496 410.5617 205.9556
F 104 4
1 0 0.854598 299.0021 249.3884 419.3466 549.5102
2 0 0.812042 866.3894 275.1515 975.9570 563.4184
3 72 0.469090 100.8065 23.1070 501.0763 473.5619
8 2 0.617484 254.4334 115.9185 418.2089 207.3082
F 105 4
1 0 0.804532 302.0309 248.7066 422.2323 548.8686
2 0 0.778709 865.1935 274.1176 975.3253 563.4260
3 72 0.542788 99.8986 23.7547 500.1121 474.3103
8 2 0.746890 258.4831 122.3570 420.3177 212.6652
F 106 4
1 0 0.893904 305.7951 247.5170 426.4370 549.3970
2 0 0.809242 861.9249 276.3877 971.9968 565.7784
3 72 0.476941 98.9435 25.2910 498.4755 475.1248
8 2 0.662806 261.5536 124.9815 419.5901 212.9133
F 107 4
1 0 0.844217 308.9955 249.8344 429.4125 551.9462
2 0 0.815415 861.1909 276.8896 970.6447 565.1317
3 72 0.591230 99.9327 24.2983 499.4365 473.9944
8 2 0.607829 258.7279 123.7707 418.9514 212.9739
F 108 4
1 0 0.867899 311.3726 249.0026 431.1445 548.7651
2 0 0.765954 856.9419 275.1256 967.2134 565.3129
3 72 0.498875 100.9697 25.2580 500.0424 474.2146
8 2 0.621291 263.7561 124.5853 424.5243 214.1924
F 109 4
1 0 0.904866 311.3642 249.3945 431.4237 550.0400
2 0 0.804776 855.9619 274.9012 965.9022 564.1147
3 72 0.466785 99.9399 24.4907 500.2705 475.1369
8 2 0.693246 264.1700 128.7179 426.1923 219.2768
F 110 4
1 0 0.869050 316.1202 250.2552 436.1432 550.7267
2 0 0.840557 854.2755 273.3898 964.4100 563.5546
3 72 0.468854 99.7027 24.0419 499.8907 474.5701
8 2 0.749758 265.3765 130.7335 433.1794 225.1800
F 111 4
1 0 0.864902 317.2783 246.2696 437.2478 546.6757
2 0 0.857674 849.2906 276.4046 959.6512 567.4465
3 72 0.373008 100.0024 24.3883 500.0370 474.6490
8 2 0.642888 271.3445 132.0517 436.4835 225.1232
F 112 4
1 0 0.871592 321.0276 248.5289 440.7831 548.2706
2 0 0.766765 849.6594 276.5046 959.9348 565.9210
3 72 0.493123 100.9462 24.9309 500.2453 474.4012
8 2 0.705038 274.7824 132.4434 438.7573 224.9239
F 113 4
1 0 0.807654 321.1930 249.4418 441.8276 551.4393
2 0 0.801683 847.8331 277.6985 958.1323 566.6881
3 72 0.490772 100.2274 23.9946 500.4006 474.4707
8 2 0.675957 281.4855 134.0757 442.2444 224.6955
F 114 4
1 0 0.856260 325.3583 250.7167 445.5961 552.1150
2 0 0.878633 844.8001 276.6101 954.5225 564.3293
3 72 0.559444 99.4752 24.0003 500.8446 475.8375
8 2 0.655573 283.8725 136.3650 445.0024 227.2242
F 115 4
1 0 0.850633 328.3830 249.6878 448.6906 551.8806
2 0 0.779188 840.2091 273.4904 950.8500 563.9577
3 72 0.558399 100.2672 24.1451 500.1330 474.2462
8 2 0.691173 283.5237 137.8973 443.5491 228.0145
F 116 4
1 0 0.821877 328.2196 248.3903 448.7144 550.5604
2 0 0.786321 840.3145 273.6458 951.3062 564.4857
3 72 0.477437 101.0985 24.6621 500.1033 473.7321
8 2 0.712929 285.9783 138.1032 448.6943 230.0403
F 117 4
1 0 0.887383 334.1009 250.2628 453.4792 550.2638
2 0 0.818387 837.6083 276.0657 948.3769 567.2993
3 72 0.468648 101.4485 25.0550 500.7504 474.2693
8 2 0.629525 287.8380 138.5803 450.6707 230.8834
F 118 4
1 0 0.858191 334.1356 249.0080 454.0868 550.9038
2 0 0.809478 836.3102 275.3650 946.0485 564.8279
3 72 0.444168 100.9233 25.2299 500.3861 474.6741
8 2 0.778324 292.5634 140.5335 451.5305 230.4680
F 119 4
1 0 0.901967 335.0498 249.6815 454.5684 550.2599
2 0 0.794387 833.1614 276.5300 942.8926 566.1689
3 72 0.499994 100.3765 24.9915 500.2425 474.7769
8 2 0.708703 297.7867 142.3359 454.5952 230.8882
F 120 3
2 0 0.767911 830.8293 276.6570 940.7378 565.3512
3 72 0.497617 100.5056 24.9278 500.5782 475.1193
8 2 0.705377 300.5570 145.8262 460.0187 235.8123
F 121 3
2 0 0.788314 828.9286 275.0004 939.5407 565.0963
3 72 0.503867 99.9350 24.8440 500.1579 475.3657
8 2 0.664300 303.9729 147.0208 463.6527 236.9816
F 122 3
2 0 0.783926 824.0837 274.6479 934.6710 564.4560
3 72 0.547054 99.7199 24.8424 499.8147 475.2680
8 2 0.794946 307.7357 148.9718 465.8298 237.9478
F 123 3
2 0 0.766385 822.4550 276.0222 932.9436 564.7462
3 72 0.421039 101.1737 26.6884 499.9160 475.3857
8 2 0.772593 309.7933 151.6199 468.2525 240.7300
F 124 3
2 0 0.796749 821.2068 275.0296 931.6555 563.9594
3 72 0.516695 99.6002 25.0193 499.7172 475.3924
8 2 0.718671 310.9997 151.7955 472.7103 242.8979
F 125 3
2 0 0.783514 819.9528 277.3866 930.8193 566.9459
3 72 0.479275 100.8521 25.8368 500.0365 475.0065
8 2 0.608381 316.3300 154.6587 474.4573 243.3929
F 126 3
2 0 0.809461 816.2694 276.0853 927.0273 565.5318
3 72 0.544745 102.0481 25.8155 500.5378 474.0185
8 2 0.693554 317.1746 151.5210 477.9417 241.8376
F 127 3
2 0 0.832091 812.5991 273.3836 923.5618 564.6097
3 72 0.530516 101.2373 24.6971 500.6485 474.0779
8 2 0.705049 319.2082 154.5803 480.1928 245.0046
F 128 3
2 0 0.803697 811.0601 274.2036 921.2919 563.3610
3 72 0.437035 99.8653 25.1910 500.3855 475.9338
8 2 0.693424 321.4561 153.8654 484.7339 245.9217
F 129 3
2 0 0.821153 810.0233 273.9659 920.7209 564.5510
3 72 0.522893 100.3919 25.2561 500.3218 475.3772
8 2 0.652927 325.0863 152.9820 490.8575 246.8980
F 130 3
2 0 0.765956 808.3135 275.8917 919.0662 566.9365
3 72 0.504998 100.0617 27.3515 499.6862 477.0511
8 2 0.675501 329.8548 158.3350 491.8930 250.0164
F 131 3
2 0 0.750184 805.9326 276.3542 916.3470 566.9417
3 72 0.457761 101.5968 26.9225 500.8445 475.9390
8 2 0.644946 334.3324 160.4276 495.1833 251.4784
F 132 3
2 0 0.827357 805.0074 275.7843 915.1107 567.1140
3 72 0.486298 100.8174 25.6992 500.2026 474.9811
8 2 0.732927 337.2892 160.8437 499.7725 253.1360
F 133 3
2 0 0.844590 801.9359 272.5869 912.2562 564.3140
3 72 0.604798 101.5622 25.8741 501.0686 475.2708
8 2 0.685256 338.8831 163.2348 498.8335 254.3155
F 134 3
2 0 0.817800 798.3857 273.6660 908.7222 564.9676
3 72 0.519114 99.7524 24.5827 500.0725 474.9766
8 2 0.658557 340.0084 166.3671 500.8723 258.1676
F 135 3
2 0 0.841763 800.2062 274.2384 910.7161 566.0480
3 72 0.500946 100.0692 24.4824 499.7428 473.9371
8 2 0.725613 342.2551 168.5674 502.7886 260.3274
F 136 3
2 0 0.812968 795.5333 276.1332 905.0464 565.4766
3 72 0.500343 99.3997 26.0585 499.5942 476.3526
8 2 0.749445 345.4661 167.4659 503.4198 257.4569
F 137 3
2 0 0.787557 791.9884 275.7617 901.8727 565.9803
3 72 0.474703 100.9149 25.7202 500.3812 475.4203
8 2 0.697150 352.6098 169.9966 509.3246 259.0717
F 138 3
2 0 0.850320 791.9124 278.4813 900.8209 565.8414
3 72 0.576586 100.2964 25.1290 500.2919 475.4517
8 2 0.726657 353.4931 173.5991 510.2882 262.5986
F 139 3
2 0 0.827617 788.8559 273.4749 898.6572 563.1895
3 72 0.495973 99.3544 24.4372 499.1961 474.7107
8 2 0.740971 358.0161 172.7895 517.1572 263.1229
F 140 4
2 0 0.782001 786.5733 274.5962 896.7006 565.7189
3 72 0.450794 99.0954 24.5561 497.9826 473.7596
8 2 0.756607 359.1834 174.2074 520.7849 265.9734
1 0 0.885768 394.1933 252.3248 514.0031 552.4340
F 141 4
2 0 0.838053 784.2333 274.6298 894.0574 564.6579
3 72 0.474644 100.7729 24.5265 500.2979 474.5547
8 2 0.791790 363.7516 178.1565 522.4886 268.1668
1 0 0.838839 393.3403 251.5639 514.0215 552.6547
F 142 4
2 0 0.769329 786.0786 275.3280 895.4569 563.8179
3 72 0.476056 99.4372 25.2748 499.2588 475.6652
8 2 0.665771 367.8890 181.5446 522.9034 269.1327
1 0 0.875074 396.2706 250.6711 516.2078 551.5433
F 143 4
2 0 0.844720 783.6887 275.0431 893.0300 563.3716
3 72 0.510000 100.9676 24.5789 500.0528 473.8586
8 2 0.657014 367.2721 183.4650 525.5294 272.8871
1 0 0.836816 399.2516 249.5648 519.0182 548.9631
F 144 4
2 0 0.809468 779.5005 277.0955 889.2741 566.1481
3 72 0.377659 101.4537 25.9953 499.8764 474.4077
8 2 0.642910 372.5961 180.9492 531.9008 271.0157
1 0 0.850685 401.9170 250.2818 521.7806 549.5665
F 145 4
2 0 0.763764 776.0040 277.7281 885.6139 566.3081
3 72 0.433841 100.8594 26.0267 500.3451 475.4729
8 2 0.752249 373.9948 182.5632 533.5192 272.8161
1 0 0.869603 403.3426 247.3691 524.2779 550.1984
F 146 4
2 0 0.790941 774.0073 275.6277 884.6738 566.8276
3 72 0.524822 100.4684 24.8521 499.9498 474.3480
8 2 0.713374 377.5623 183.5918 538.1239 274.5180
1 0 0.836507 405.7363 250.2520 524.9091 549.2438
F 147 4
2 0 0.812502 771.2620 275.1661 881.7424 564.6382
3 72 0.489123 99.9001 23.5764 500.5948 474.5883
8 2 0.746693 381.0105 185.4749 542.5829 277.0857
1 0 0.858935 408.2634 249.0163 527.7020 549.2732
F 148 4
2 0 0.821770 768.6908 277.6548 878.6185 564.7781
3 72 0.514639 99.6263 23.5950 499.6252 473.8471
8 2 0.751684 381.5771 187.9640 543.0679 279.3555
1 0 0.890047 410.1779 249.1376 529.2544 547.9118
F 149 4
2 0 0.821833 767.5889 278.8003 877.3600 566.2210
3 72 0.481240 99.0529 24.3522 499.7856 475.6059
8 2 0.776022 386.5169 187.8047 548.2842 279.3885
1 0 0.814749 412.7026 248.4663 533.4219 551.4037
F 150 4
2 0 0.775233 765.2321 275.8665 875.2900 563.7727
3 72 0.546166 100.3636 25.8806 499.7012 475.3990
8 2 0.788292 389.1843 191.0919 550.7059 282.5631
1 0 0.860463 415.6535 248.8925 536.5633 551.6022
F 151 4
2 0 0.809162 764.1207 275.9186 873.9254 562.4211
3 72 0.407433 99.2968 25.0417 498.8870 474.8098
8 2 0.696645 395.3259 192.0972 552.5780 280.9895
1 0 0.870042 419.4122 249.9929 539.0393 549.1200
F 152 4
2 0 0.800066 761.8412 276.3989 872.5503 566.1317
3 72 0.512625 100.8963 26.4148 499.8759 475.3725
8 2 0.719792 397.0158 192.5175 560.4617 285.2927
1 0 0.779437 420.5931 252.4865 540.1586 551.0335
F 153 4
2 0 0.831168 758.4327 276.5453 869.0950 566.0269
3 72 0.422013 101.4734 26.3114 500.1245 474.5920
8 2 0.617270 396.3419 192.7842 558.2112 284.5811
1 0 0.864616 422.2318 251.7318 541.7593 550.6918
F 154 4
2 0 0.788455 757.8998 275.4178 868.3309 564.4644
3 72 0.475768 102.0786 26.3396 500.0097 473.6428
8 2 0.671365 397.9817 192.4630 559.5246 284.0537
1 0 0.872824 424.9568 252.6135 543.7925 549.3179
F 155 4
2 0 0.763867 752.7066 274.5254 862.8962 562.4448
3 72 0.442435 99.8532 25.3373 499.6656 474.9086
8 2 0.664432 403.0742 196.1154 561.0903 285.4533
1 0 0.875544 428.3187 251.0016 547.3741 547.6050
F 156 4
2 0 0.798435 750.3989 275.6696 860.6049 564.3123
3 72 0.449538 99.0720 25.4178 499.2832 475.5505
8 2 0.642299 408.2300 196.5578 565.8185 285.5627
1 0 0.870939 430.3013 250.6589 549.2592 547.0038
F 157 4
2 0 0.820640 747.6974 273.9952 859.1126 565.4312
3 72 0.529084 99.7287 24.4699 499.9320 474.5501
8 2 0.708656 410.3142 199.3473 569.5225 289.3077
1 0 0.846972 432.3476 251.7918 551.9902 550.1043
F 158 4
2 0 0.841088 744.5367 276.3066 855.6907 566.5939
3 72 0.495102 99.3972 24.7504 499.5985 474.7736
8 2 0.747243 415.5606 202.0494 574.6808 291.8701
1 0 0.856547 434.1178 249.3136 553.4733 547.5170
F 159 4
2 0 0.779992 745.6175 275.9735 856.9504 567.0375
3 72 0.541147 98.8236 24.7751 498.9267 474.8455
8 2 0.663747 419.6616 204.2074 578.6959 294.0285
1 0 0.883872 437.8501 249.3799 557.6235 548.0267
F 160 4
2 0 0.813572 743.2712 276.4850 854.2202 567.5329
3 72 0.464655 99.7614 25.3464 499.5770 474.9698
8 2 0.706393 419.6537 203.4236 578.7977 293.1970
1 0 0.849556 440.9605 250.2740 560.4979 549.2894
F 161 4
2 0 0.795439 739.1975 277.4129 850.2281 569.3331
3 72 0.592511 99.1130 25.1263 499.3259 475.2995
8 2 0.713092 424.4420 205.9230 585.9952 297.2397
1 0 0.860067 442.8522 248.7630 563.6246 550.3069
F 162 4
2 0 0.791393 738.2845 276.7268 848.0372 565.3833
3 72 0.526034 98.9076 24.4741 498.6126 474.0476
8 2 0.710137 428.0477 208.0762 588.1760 298.5238
1 0 0.870641 442.9728 248.9338 563.4454 550.5005
F 163 4
2 0 0.801284 733.9760 273.4402 844.5388 564.1381
3 72 0.460476 99.5435 25.0642 499.1089 474.6447
8 2 0.777964 433.1909 209.7163 592.0366 299.0998
1 0 0.778460 446.1934 251.1771 567.0837 553.6307
F 164 4
2 0 0.780108 732.3955 270.3192 843.0134 561.8491
3 72 0.510441 99.4586 25.3269 498.9045 474.9560
8 2 0.723496 432.5196 208.7937 595.8768 300.9624
1 0 0.860055 450.6230 250.6984 571.1067 551.2527
F 165 4
2 0 0.780911 730.7609 274.3786 841.2199 564.6092
3 72 0.414838 100.6097 25.4400 500.4188 475.3989
8 2 0.813611 436.1512 212.6858 595.5628 302.6876
1 0 0.801649 449.9626 250.8944 570.3508 551.3059
F 166 4
2 0 0.806902 728.0601 272.7198 838.1384 562.3139
3 72 0.474655 101.2839 24.1701 500.0849 472.9260
8 2 0.764568 437.0054 212.7729 597.9439 303.8891
1 0 0.865591 454.5654 249.8499 575.2018 550.0515
F 167 4
2 0 0.819989 728.2429 275.1308 838.0616 562.8752
3 72 0.485872 101.3549 23.9242 501.3872 474.3605
8 2 0.724910 440.7232 216.9276 597.5488 305.5072
1 0 0.870059 457.8206 249.9056 578.1021 549.2525
F 168 4
2 0 0.779295 726.6753 273.7354 836.9659 562.3209
3 72 0.536174 101.2540 24.7461 500.5592 474.1888
8 2 0.693951 445.3505 222.9419 604.0086 312.4588
1 0 0.808527 457.8444 249.0320 578.8890 549.8521
F 169 4
2 0 0.809189 724.0690 274.7296 834.0236 562.1953
3 72 0.498106 101.5884 25.8803 500.9915 475.4304
8 2 0.766825 449.7984 218.5875 609.3138 308.6487
1 0 0.831904 459.5238 247.3268 580.6362 548.4062
F 170 4
2 0 0.764939 722.1390 271.7018 832.5392 561.6744
3 72 0.530699 101.4615 25.3458 500.7396 474.8217
8 2 0.726226 451.4823 219.8297 608.2809 308.2484
1 0 0.827960 462.3417 249.8150 583.1344 549.8472
F 171 4
2 0 0.822700 718.4717 272.8836 829.0051 563.0993
3 72 0.553611 101.1366 24.7526 500.6732 474.4997
8 2 0.629718 451.4659 222.0289 611.6890 312.7107
1 0 0.810782 467.1163 251.6135 587.2202 550.5356
F 172 4
2 0 0.805198 719.1578 271.4867 829.9655 562.1151
3 72 0.462752 100.1039 24.2292 500.3043 474.7891
8 2 0.621873 456.8140 222.4028 617.4183 313.1604
1 0 0.877203 468.5342 250.1313 588.7008 549.6868
F 173 4
2 0 0.841582 713.7327 275.0522 824.8856 566.2936
3 72 0.517470 100.0842 23.8798 500.3155 474.5687
8 2 0.705500 462.4900 224.0222 621.1400 313.8293
1 0 0.842999 472.7916 246.9613 593.9357 549.5556
F 174 4
2 0 0.821764 711.4384 274.5871 822.5401 564.7476
3 72 0.490897 99.2177 23.8918 499.4443 474.5188
8 2 0.698980 463.1310 226.9354 621.0330 316.3818
1 0 0.891639 471.8132 247.9390 592.2095 548.4228
F 175 4
2 0 0.838299 708.6064 276.4497 820.1052 567.1249
3 72 0.450679 100.7347 24.4411 500.6714 474.7581
8 2 0.672990 466.4184 228.4889 626.4307 319.0500
1 0 0.807790 476.0849 249.3165 596.7391 550.9842
F 176 4
2 0 0.782408 708.5085 276.7174 819.6252 566.6743
3 72 0.521325 100.8164 25.1615 500.8009 475.5689
8 2 0.742198 470.6342 225.8152 628.4177 315.0095
1 0 0.845211 480.4331 249.3819 601.1191 549.6841
F 177 4
2 0 0.807593 705.3177 275.6915 815.9289 564.4163
3 72 0.437056 101.2911 24.9588 501.0168 475.0240
8 2 0.701170 471.3348 228.7693 631.8141 319.7069
1 0 0.842079 483.6501 250.1626 604.3582 550.6609
F 178 4
2 0 0.779869 703.9637 275.3539 813.8295 561.9452
3 72 0.477382 100.3050 25.6333 499.6798 475.0923
8 2 0.780446 472.3236 227.6338 634.5009 320.0164
1 0 0.881047 482.7303 248.7749 603.3820 548.7534
F 179 4
2 0 0.794030 698.0586 276.4177 808.4612 564.8363
3 72 0.578364 100.1527 26.2640 499.4617 475.5623
8 2 0.725366 475.9127 233.4099 636.0067 324.4030
1 0 0.827563 484.6468 250.1598 606.0353 552.5055
F 180 4
2 0 0.813252 699.6772 275.9313 810.1206 565.5295
3 72 0.552330 99.7381 26.0769 499.7185 476.0973
8 2 0.687306 478.8103 234.3085 639.0294 325.3768
1 0 0.826346 488.3735 249.8524 608.9450 549.7839
F 181 4
2 0 0.776377 696.8521 275.5710 806.9270 564.3107
3 72 0.534300 100.3682 24.6966 499.7886 473.9741
8 2 0.785851 482.5757 235.8824 641.4152 326.0301
1 0 0.841260 492.1906 250.9899 612.0612 549.9417
F 182 4
2 0 0.821160 695.5840 273.8061 806.2604 563.9276
3 72 0.474035 101.5894 25.1975 501.4937 475.0697
8 2 0.746436 486.1371 237.5995 648.1395 329.6149
1 0 0.857269 495.6716 250.7718 616.3648 552.6202
F 183 4
2 0 0.804434 695.1933 276.7096 805.3851 565.9471
3 72 0.586786 100.4408 26.1679 500.3115 475.7810
8 2 0.687526 490.0665 238.5125 649.0653 328.7687
1 0 0.821240 496.7667 249.4825 617.0933 550.2911
F 184 4
2 0 0.767280 691.4873 274.8684 802.4664 566.4383
3 72 0.524533 100.9805 25.7753 501.0797 475.8213
8 2 0.725444 490.5016 242.1931 650.1157 332.7845
1 0 0.808725 500.6034 251.3421 620.6646 551.9317
F 185 4
2 0 0.771774 691.3219 276.3412 801.8537 565.6481
3 72 0.534092 100.0802 26.1989 499.4286 475.1815
8 2 0.644034 494.3074 241.6321 651.3624 330.5896
1 0 0.821759 501.7372 251.0554 621.6272 551.6597
F 186 4
2 0 0.779391 687.8760 276.7647 798.5508 566.2615
3 72 0.599940 100.8061 24.7857 501.2945 475.2029
8 2 0.660595 498.8869 243.9166 656.5948 333.2172
1 0 0.866825 503.1555 249.8251 622.8273 549.7461
F 187 4
2 0 0.788721 683.4957 275.8124 794.2382 565.1384
3 72 0.444841 100.1854 23.1600 501.0370 474.0934
8 2 0.715352 502.4522 246.0451 661.4408 335.9634
1 0 0.863014 507.8088 247.1532 628.5196 549.0544
F 188 4
2 0 0.778110 680.7839 277.1606 791.6385 566.8511
3 72 0.461749 100.6037 24.4514 500.9896 474.8785
8 2 0.784326 504.4113 249.4171 663.9006 339.4482
1 0 0.847802 511.9476 251.5608 631.9251 551.2708
F 189 4
2 0 0.801027 677.7762 275.1017 789.0612 564.4830
3 72 0.409984 99.6303 24.5742 499.7047 474.6853
8 2 0.647651 508.9766 249.3236 666.5822 338.2517
1 0 0.798766 513.5146 250.0606 633.4812 550.7880
F 190 4
2 0 0.826699 676.0433 275.3815 787.6996 566.1625
3 72 0.564128 99.8064 25.1032 499.6137 474.8786
8 2 0.699018 507.4911 250.1656 670.0910 342.0249
1 0 0.844246 515.7869 252.9817 635.4858 553.5305
F 191 4
2 0 0.836729 672.5184 275.2336 783.2928 563.9881
3 72 0.444105 100.1829 25.0805 499.6859 474.6402
8 2 0.725945 509.1832 249.4933 672.7316 341.9312
1 0 0.845437 516.5923 250.9909 636.5793 552.5597
F 192 4
2 0 0.798553 670.9236 274.0510 781.8008 563.1995
3 72 0.487818 101.0532 25.8744 500.1021 474.6680
8 2 0.727919 512.8599 250.3769 676.0433 342.8900
1 0 0.840083 520.2735 251.6068 640.1934 552.8832
F 193 4
2 0 0.783669 667.0853 275.1155 778.1078 564.4677
3 72 0.559031 100.6224 26.6806 499.8309 475.5304
8 2 0.668159 515.2550 250.6532 677.5553 342.7354
1 0 0.850322 522.8218 251.8124 642.7137 551.8170
F 194 4
2 0 0.745872 668.9641 276.2883 780.2103 566.3527
3 72 0.479143 99.6199 25.6306 500.0010 476.0163
8 2 0.675371 519.2953 255.9146 680.4760 347.4090
1 0 0.815540 524.5703 252.3361 643.9043 551.3584
F 195 4
2 0 0.744054 666.6279 276.8353 777.2444 565.2765
3 72 0.544427 98.9954 25.0463 498.9047 474.9539
8 2 0.742639 525.2122 259.3750 681.5726 347.6444
1 0 0.782497 528.3896 250.0955 647.4899 547.6519
F 196 4
2 0 0.802796 662.5056 275.1563 773.3745 564.4498
3 72 0.480934 100.8468 24.7051 501.1898 475.2919
8 2 0.741033 528.9355 261.3968 689.2268 352.1532
1 0 0.819515 531.1774 248.8073 650.4627 546.2626
F 197 4
2 0 0.760591 660.5085 277.1691 771.9304 567.6371
3 72 0.369296 100.3037 25.1553 500.2837 475.3413
8 2 0.854171 531.6912 260.3623 690.6461 350.2187
1 0 0.867267 534.8247 246.6202 655.1155 546.7978
F 198 4
2 0 0.798312 659.8583 274.5434 771.0231 565.4739
3 72 0.512327 100.6065 25.2037 500.2786 474.9394
8 2 0.723663 537.3142 263.0476 693.0788 350.6269
1 0 0.873314 533.9727 248.0917 655.2838 550.2231
F 199 4
2 0 0.810907 658.0260 272.5204 769.2176 563.5372
3 72 0.522043 99.1948 24.9350 499.6313 475.8230
8 2 0.706759 537.2381 266.1226 694.5789 354.3457
1 0 0.893335 539.5969 250.4366 659.7422 549.5793
F 200 4
2 0 0.180086 653.9875 275.1200 764.2348 564.2366
3 72 0.477613 99.2205 26.2552 498.6978 476.0960
8 2 0.684182 540.2051 267.2341 699.0137 356.1629
1 0 0.859403 542.1337 247.1989 662.6080 546.7896
F 201 4
2 0 0.200924 650.3785 274.9486 760.6794 563.9690
3 72 0.501099 98.7466 25.7334 497.7208 474.8630
8 2 0.613523 543.8221 266.5392 703.0076 355.5854
1 0 0.860213 542.5106 247.7690 662.8627 547.3221
F 202 4
2 0 0.153937 649.9973 276.6039 759.3994 563.6260
3 72 0.514763 98.2358 25.0545 498.3103 475.4904
8 2 0.783510 547.4830 267.7850 705.8378 356.3882
1 0 0.851888 545.0787 252.5068 665.3883 552.0284
F 203 4
2 0 0.140401 647.0734 272.2144 757.8342 563.1660
3 72 0.508132 99.7874 24.6127 499.4062 474.2751
8 2 0.740089 549.3627 268.1195 709.4454 357.6286
1 0 0.852257 547.3661 251.7475 667.7323 551.7068
F 204 4
2 0 0.212023 643.2160 274.0332 752.6619 561.4542
3 72 0.407114 100.2628 25.1596 499.6634 474.5034
8 2 0.807719 550.8878 268.9200 713.0133 359.5607
1 0 0.829805 549.4417 251.8011 669.2447 549.5598
F 205 4
2 0 0.208027 642.8583 272.6632 753.1550 562.9855
3 72 0.481531 100.5233 25.9885 499.5368 474.7356
8 2 0.731870 555.0251 272.5990 717.4185 363.3388
1 0 0.885780 552.5040 252.2074 672.3814 550.0105
F 206 4
2 0 0.233465 640.5106 275.2350 750.5538 564.4290
3 72 0.478287 99.6464 24.6250 499.8933 474.8325
8 2 0.794618 557.8401 274.5039 722.2462 366.5565
1 0 0.884122 554.8900 250.4690 675.9026 551.4562
F 207 4
2 0 0.176207 639.6517 274.8460 750.0282 565.0147
3 72 0.536246 100.0994 25.5094 498.9666 474.1324
8 2 0.602975 561.2299 272.3270 726.3624 365.0561
1 0 0.859667 557.2182 249.7380 677.7171 549.7822
F 208 4
2 0 0.204823 637.8494 275.4395 747.5727 563.9413
3 72 0.429871 99.1669 25.0311 499.5328 475.2275
8 2 0.791837 564.7731 275.6840 726.6525 366.7462
1 0 0.811003 558.1245 252.9584 678.4625 552.9669
F 209 4
2 0 0.223811 636.6698 274.1369 746.5000 563.0369
3 72 0.472192 98.8041 23.7593 499.3655 474.0343
8 2 0.714723 569.9981 277.8904 730.8919 368.3448
1 0 0.853502 562.3348 251.7006 682.3791 551.6010
F 210 4
2 0 0.186786 633.2527 275.4547 742.4427 562.4966
3 72 0.538178 99.3703 24.9358 498.8906 473.9686
8 2 0.679321 568.6914 278.5621 729.0511 368.7564
1 0 0.860355 564.9620 252.3779 684.3319 549.6501
F 211 4
2 0 0.184212 630.3414 273.3081 740.7872 564.4564
3 72 0.503861 99.1220 24.3563 499.8521 474.9448
8 2 0.725596 572.8765 276.1693 735.2686 367.6758
1 0 0.846859 570.4820 251.8656 690.0079 550.0892
F 212 4
2 0 0.171219 630.0070 276.6559 739.9091 565.7979
3 72 0.627644 98.6047 24.2804 499.5458 475.4081
8 2 0.724151 577.0198 281.0202 738.1773 371.8599
1 0 0.839927 569.2852 252.6519 688.3372 549.6832
F 213 4
2 0 0.155820 624.5750 276.7665 734.8145 567.6425
3 72 0.502988 100.0273 24.4134 500.8349 475.5874
8 2 0.711664 578.7082 283.3924 740.8807 374.8387
1 0 0.864375 572.5487 251.8738 692.3824 550.8058
F 214 4
2 0 0.188243 623.7443 276.6561 733.2205 565.1121
3 72 0.550561 100.3915 24.5428 500.6048 475.1649
8 2 0.772734 582.6951 285.3114 740.2980 373.8086
1 0 0.839406 575.1116 253.1241 695.2668 552.7052
F 215 4
2 0 0.183229 621.4699 274.9491 731.2534 563.8715
3 72 0.432419 99.5897 24.3605 500.0555 475.4659
8 2 0.648581 587.4888 288.4375 746.9464 378.1206
1 0 0.857927 575.4798 253.4561 695.5384 552.5933
F 216 4
2 0 0.181162 619.2739 273.8114 729.7312 564.8918
3 72 0.533173 99.2557 25.5982 499.4044 476.4929
8 2 0.712614 590.4421 289.9265 750.5327 379.8549
1 0 0.816100 579.3477 253.5501 699.6077 554.0784
F 217 4
2 0 0.152908 617.1562 276.0786 726.5428 564.8083
3 72 0.539234 98.8541 26.1247 498.7046 476.6665
8 2 0.707459 592.5743 290.6450 752.5482 380.5411
1 0 0.862446 584.9242 250.0996 705.5450 551.0408
F 218 4
2 0 0.137226 616.5796 276.3468 726.4702 566.3132
3 72 0.509284 100.0177 26.5341 499.3389 476.6614
8 2 0.719488 595.1295 290.1130 757.1641 381.3080
1 0 0.868179 584.8879 249.4632 705.1104 549.8974
F 219 4
2 0 0.178289 611.8652 274.5453 721.8311 564.0925
3 72 0.495476 100.8029 25.7866 500.0241 475.6604
8 2 0.760033 597.2417 295.5803 756.4687 385.0798
1 0 0.861556 590.1735 247.1524 711.1069 548.9904
F 220 4
2 0 0.233727 610.8477 274.4268 721.2884 564.2480
3 72 0.444887 99.7903 24.7158 499.1874 474.7015
8 2 0.751971 600.3649 296.1029 760.0728 385.8252
1 0 0.792858 591.2183 246.6199 711.9276 548.4683
F 221 4
2 0 0.187032 608.5469 272.3610 719.4904 563.8198
3 72 0.513484 99.7391 25.6040 499.6247 476.2645
8 2 0.687588 603.3928 297.0406 763.4097 386.9278
1 0 0.890782 591.6667 252.4405 711.6619 552.8766
F 222 4
2 0 0.218118 604.1644 274.1155 715.1567 565.7446
3 72 0.592915 100.2726 25.3805 499.9070 475.7058
8 2 0.683589 604.8077 300.6921 765.1188 391.0045
1 0 0.814988 595.6677 249.6455 715.4249 549.2076
F 223 4
2 0 0.135666 603.9686 273.9450 714.0276 563.4410
3 72 0.508598 100.7883 25.8184 500.2882 475.9838
8 2 0.618987 607.2779 300.4000 764.0161 388.4585
1 0 0.870719 596.3209 250.1438 716.2726 550.5471
F 224 4
2 0 0.188152 599.7055 273.2616 710.1337 563.7866
3 72 0.548667 100.6792 26.6846 500.1651 476.8324
8 2 0.741177 611.5653 301.3438 768.9868 389.7212
1 0 0.897016 597.7354 248.8025 717.2237 547.9203
F 225 4
2 0 0.146184 600.4010 275.8172 709.8594 562.7775
3 72 0.525822 100.5963 24.3007 500.3383 474.8908
8 2 0.644301 613.4447 303.0593 773.4357 393.0159
1 0 0.851837 599.4092 248.9321 718.9940 547.9431
F 226 4
2 0 0.182885 596.2717 273.4935 706.8527 563.3468
3 72 0.455998 99.5739 25.4636 498.9550 475.7450
8 2 0.657147 613.6547 303.3863 776.4225 395.1935
1 0 0.864570 604.9751 247.8822 725.2003 548.4114
F 227 4
2 0 0.141372 593.7791 275.8836 703.5815 564.8594
3 72 0.572995 100.4117 23.9544 499.9458 474.5747
8 2 0.694829 620.6047 307.0055 777.4482 395.1322
1 0 0.849830 604.8541 246.7909 726.1893 549.9715
F 228 4
2 0 0.194220 590.8466 273.6315 701.1133 563.8165
3 72 0.463537 100.2546 23.2219 499.9208 474.0002
8 2 0.778532 622.4135 306.4234 783.5787 397.1425
1 0 0.836786 608.0238 245.6954 728.6426 547.7757
F 229 4
2 0 0.236386 591.5779 274.8615 701.4468 564.3046
3 72 0.446152 99.4791 23.5701 499.2802 474.5487
8 2 0.636368 625.9591 307.2897 787.0623 397.8543
1 0 0.858998 613.0637 247.0853 733.1211 548.4570
F 230 4
2 0 0.850131 590.8441 276.6632 700.3752 564.9797
3 72 0.532904 100.2972 25.1167 499.2750 474.9879
8 2 0.647704 630.0782 310.8979 791.3200 401.6586
1 0 0.872797 615.1011 247.8068 735.4357 549.1759
F 231 4
2 0 0.800337 588.2444 274.4232 698.0896 564.0806
3 72 0.493087 100.4153 25.4774 499.0727 474.7790
8 2 0.664980 634.3676 313.8304 793.2852 402.9663
1 0 0.878482 617.4025 249.4369 736.9515 548.2600
F 232 4
2 0 0.788432 587.7534 275.0173 696.9832 563.0552
3 72 0.551971 100.5519 25.5274 499.5825 475.1421
8 2 0.659636 633.7130 313.3323 796.8057 405.1219
1 0 0.846795 619.9810 250.2277 740.1501 549.7697
F 233 4
2 0 0.776368 584.9656 275.7966 694.3375 564.3742
3 72 0.425992 100.1821 26.4397 499.6033 476.5426
8 2 0.671586 640.9509 316.3132 798.5184 404.6681
1 0 0.786034 621.8668 247.9342 742.1294 547.7216
F 234 4
2 0 0.831718 581.2222 272.6721 691.1841 563.3252
3 72 0.486086 99.6308 25.3918 499.2153 475.5783
8 2 0.730822 641.5445 316.2845 800.7838 405.6240
1 0 0.831576 623.4930 249.4146 743.9058 549.9964
F 235 4
2 0 0.783641 578.1980 275.1969 688.3211 565.7907
3 72 0.499319 100.0655 25.2178 499.6434 475.2744
8 2 0.724073 642.6586 318.4868 803.2677 408.4662
1 0 0.931185 625.3293 249.8624 745.3230 549.8676
F 236 4
2 0 0.810969 577.8961 277.1769 687.0770 564.8260
3 72 0.444230 100.4720 25.7136 499.6490 475.3195
8 2 0.722591 644.2208 316.6370 805.2420 406.9522
1 0 0.889626 628.6453 245.6719 748.8549 546.4359
F 237 4
2 0 0.826834 574.8093 274.8669 684.3006 563.2953
3 72 0.472070 100.3485 25.9118 499.8084 475.8314
8 2 0.626757 649.0467 320.7704 810.7658 411.5043
1 0 0.874188 633.6678 249.3215 753.6561 548.7646
F 238 4
2 0 0.795017 571.1891 275.9972 681.0806 564.6436
3 72 0.543227 100.7494 26.0212 499.4167 474.5590
8 2 0.665712 647.0211 319.1843 815.4506 414.4297
1 0 0.862437 633.9537 249.9877 753.8713 549.8052
F 239 4
2 0 0.790030 568.7255 275.0986 679.0796 564.7422
3 72 0.507588 99.7467 25.1998 498.4528 473.5930
8 2 0.712680 654.2510 321.7682 815.9152 412.9372
1 0 0.804942 636.2083 251.0754 755.8530 549.7799
F 240 4
2 0 0.766765 566.0443 276.5342 676.3394 565.6197
3 72 0.523801 99.4565 24.9229 499.3544 474.7133
8 2 0.668224 659.7484 325.1573 818.4881 414.4903
1 0 0.775889 641.5317 249.8984 760.8417 547.5807
F 241 4
2 0 0.775151 565.5649 275.9500 675.9575 566.4371
3 72 0.530414 99.4705 25.2507 499.2497 474.8421
8 2 0.669396 662.2487 326.2094 821.3146 415.8524
1 0 0.840341 645.8878 250.0354 765.6786 548.2343
F 242 4
2 0 0.815206 562.1576 274.0650 672.5771 565.0037
3 72 0.590934 99.2677 25.3167 498.8358 474.6560
8 2 0.718041 665.4623 325.2254 827.0560 416.6070
1 0 0.855522 645.7401 248.3268 766.5416 549.4369
F 243 4
2 0 0.797730 561.4028 276.3637 670.7642 564.9365
3 72 0.549271 99.3536 24.8680 500.0565 475.6094
8 2 0.638544 669.0836 326.4852 831.9390 418.7066
1 0 0.818330 649.1118 250.2794 769.4274 550.6812
F 244 4
2 0 0.768482 557.3962 274.6219 667.0306 563.7143
3 72 0.484037 99.9244 25.1378 500.2451 475.2788
8 2 0.648352 672.3359 331.7078 832.7642 422.5626
1 0 0.856171 649.1723 251.9479 769.5566 552.5771
F 245 4
2 0 0.744215 555.1505 273.5283 665.0089 563.9191
3 72 0.462194 99.3617 24.4017 500.2069 475.3643
8 2 0.674086 676.0634 331.2725 834.8245 421.1113
1 0 0.839164 651.7589 251.9814 771.7094 552.1070
F 246 4
2 0 0.868818 552.6312 272.6314 662.5978 563.0599
3 72 0.579769 98.8596 23.6001 499.3170 474.1942
8 2 0.715988 680.2983 331.6783 838.8174 421.3889
1 0 0.806252 655.9771 249.4983 775.5126 549.0977
F 247 4
2 0 0.793870 553.4703 272.9561 662.9580 562.2220
3 72 0.475786 99.1346 24.2509 499.0263 474.1650
8 2 0.730860 681.5863 334.4224 841.3188 424.6686
1 0 0.836692 655.9019 249.1804 776.9269 552.5112
F 248 4
2 0 0.845311 551.8706 273.8654 661.0610 563.0008
3 72 0.506065 99.8619 24.0983 500.5070 475.0306
8 2 0.665726 685.6480 337.5923 845.3885 427.9948
1 0 0.848549 659.3412 249.6759 779.9074 552.3832
F 249 4
2 0 0.771707 548.1033 276.0016 657.5029 564.5057
3 72 0.528754 101.9388 25.5330 500.9338 474.1920
8 2 0.769522 686.7726 335.6249 848.2785 427.0851
1 0 0.841143 660.2871 247.6211 780.3558 548.7855
F 250 4
2 0 0.784972 544.8520 275.0242 655.6254 567.4188
3 72 0.604312 100.2861 25.2066 499.2892 473.9237
8 2 0.725321 688.1613 337.0435 849.5963 428.5816
1 0 0.848247 663.1932 248.2351 783.1567 549.1419
F 251 4
2 0 0.769310 542.7424 273.6560 653.4911 565.6059
3 72 0.447248 100.8273 24.2463 500.7233 473.8794
8 2 0.655711 691.8913 340.4613 850.2779 430.0665
1 0 0.838605 667.8502 249.3317 788.1039 550.8434
F 252 4
2 0 0.841588 542.0353 276.5661 652.1396 566.5501
3 72 0.530423 101.2745 25.3740 500.5415 474.2026
8 2 0.731802 695.5791 340.4521 855.8457 431.1938
1 0 0.830994 669.6377 249.9693 790.0835 552.3924
F 253 4
2 0 0.840816 536.0328 274.6954 646.7672 566.2517
3 72 0.581738 99.6214 24.6257 499.8057 474.7068
8 2 0.633142 702.7512 346.1852 858.0519 433.5854
1 0 0.871409 670.3184 249.0036 790.6807 551.0452
F 254 4
2 0 0.782633 535.6445 275.7039 645.3334 564.1427
3 72 0.489953 100.0383 24.8416 499.3746 473.8566
8 2 0.767463 705.2650 349.9090 860.8788 437.3515
1 0 0.844024 675.3453 248.7593 796.0361 551.4038
F 255 4
2 0 0.854177 534.6974 274.4319 644.3219 562.0444
3 72 0.502550 99.2025 24.5743 498.9000 473.8269
8 2 0.666411 706.4785 349.3325 862.7552 436.7794
1 0 0.855713 676.7690 249.0670 796.8695 550.0423
F 256 4
2 0 0.808892 529.7462 273.5087 639.7719 562.6564
3 72 0.429696 100.3918 24.7442 500.2436 474.2029
8 2 0.663950 707.1147 351.2349 865.8690 440.0656
1 0 0.794882 679.5345 249.8721 798.7178 548.8310
F 257 4
2 0 0.817291 527.2557 274.5611 637.9125 564.9017
3 72 0.466850 100.3434 25.0073 499.7748 474.0498
8 2 0.698478 710.6088 348.6829 871.4402 438.8158
1 0 0.866779 682.6851 249.7512 801.5837 547.2772
F 258 4
2 0 0.737286 526.7671 275.6949 636.9640 564.7309
3 72 0.480367 99.2508 25.2825 498.8686 474.4468
8 2 0.650073 713.1467 351.2973 873.4230 441.1173
1 0 0.818026 685.9775 247.2472 806.2755 548.2673
F 259 4
2 0 0.784410 526.2751 276.2704 636.6103 565.2870
3 72 0.545671 99.2702 25.6616 498.5324 474.6462
8 2 0.731191 714.5199 352.3929 877.5221 444.2173
1 0 0.866246 689.3494 248.5801 809.5949 549.3534
F 260 3
2 0 0.789506 524.6962 275.7610 635.3215 566.0640
3 72 0.500715 99.9149 23.9783 499.9262 473.9803
1 0 0.859238 691.3596 252.2129 810.7355 550.4481
F 261 3
2 0 0.801381 521.9303 275.3697 632.6647 566.9287
3 72 0.447598 99.6480 25.6936 500.4427 476.7257
1 0 0.785285 694.5316 250.5807 814.5322 549.9252
F 262 3
2 0 0.806871 516.9396 274.3813 627.0994 564.0629
3 72 0.451680 99.1305 25.2804 499.3633 475.7204
1 0 0.865028 695.9462 251.3046 815.4513 549.7302
F 263 3
2 0 0.836580 515.2369 273.6944 625.0279 562.2742
3 72 0.515340 99.0030 25.0025 498.9221 475.0941
1 0 0.846140 697.6274 248.4384 817.5060 547.6254
F 264 3
2 0 0.820632 514.8072 274.9190 625.0897 564.7710
3 72 0.493761 100.0283 25.2786 499.4327 474.6535
1 0 0.855903 700.9892 250.7942 820.3149 548.6477
F 265 3
2 0 0.844550 513.6891 274.2356 624.8040 566.1561
3 72 0.497711 100.2927 25.7736 499.7580 475.1720
1 0 0.817188 699.9222 249.9687 819.7838 549.6125
F 266 3
2 0 0.763106 511.0949 275.6094 621.5807 565.5549
3 72 0.641109 99.6417 24.9122 500.0260 475.5519
1 0 0.858701 703.7172 250.0817 823.6823 550.5622
F 267 3
2 0 0.797122 506.8445 273.5926 617.4392 564.3686
3 72 0.525156 100.1973 25.9363 500.0239 475.9253
1 0 0.866434 706.0556 249.3128 826.3629 550.3845
F 268 3
2 0 0.768986 503.9910 274.4806 614.1044 564.7596
3 72 0.524314 99.1972 25.7494 499.2536 476.0855
1 0 0.843911 708.7783 250.0569 829.0154 551.4362
F 269 3
2 0 0.783759 502.3611 274.9002 612.3021 565.2259
3 72 0.495919 99.1248 24.4814 499.4605 475.1536
1 0 0.872303 712.1882 249.0629 832.5262 550.5571
F 270 3
2 0 0.774527 500.2286 272.9916 610.7559 565.5880
3 72 0.543788 98.4106 24.7031 498.8913 475.6687
1 0 0.825828 715.5869 249.1421 836.1718 551.1371
F 271 3
2 0 0.779012 498.0953 273.6556 608.4929 565.5443
3 72 0.582437 99.4911 24.3862 499.7358 475.1544
1 0 0.836852 717.8969 249.8818 837.9075 551.1827
F 272 3
2 0 0.766944 497.1121 272.8202 607.3533 563.5938
3 72 0.451958 99.0534 26.1497 498.4523 475.6605
1 0 0.816287 721.2234 248.9890 841.0624 549.4899
F 273 3
2 0 0.822090 494.5283 273.1859 604.8765 563.6107
3 72 0.458263 99.2410 25.6335 499.4611 476.2958
1 0 0.827580 724.0787 250.0060 843.8813 549.1782
F 274 3
2 0 0.851791 494.1140 273.3317 604.2128 563.2054
3 72 0.480784 98.8803 25.7599 498.8203 476.0678
1 0 0.842196 727.1483 252.0751 847.3167 551.9568
F 275 3
2 0 0.799757 492.6053 274.3586 602.1733 562.5204
3 72 0.494452 99.1004 25.9654 499.2037 476.3920
1 0 0.848400 728.4341 249.7848 848.9121 550.6763
F 276 3
2 0 0.789966 487.7378 273.5027 598.0221 564.6573
3 72 0.446318 99.1968 25.4213 499.3746 476.1494
1 0 0.890688 731.3347 249.0840 851.3021 549.3723
F 277 3
2 0 0.779156 484.5915 275.9731 594.3750 564.8189
3 72 0.472858 98.2080 24.8623 499.1069 476.5400
1 0 0.819514 732.2980 247.3175 852.4752 547.4800
F 278 3
2 0 0.778498 482.2982 276.7589 592.0545 565.2632
3 72 0.511436 99.3185 25.3569 499.6804 476.5353
1 0 0.868259 734.0555 247.5750 854.5370 548.3293
F 279 3
2 0 0.839993 484.5833 276.2200 594.0063 565.0807
3 72 0.448493 100.3496 25.5504 499.4442 475.2480
1 0 0.872043 737.6024 248.7282 858.2974 549.5107
F 280 3
2 0 0.805482 478.8587 274.3390 589.5526 565.4767
3 72 0.434564 100.2871 24.3452 499.5188 474.3259
1 0 0.837721 737.0532 247.6340 857.7031 549.5117
F 281 3
2 0 0.814679 478.5268 275.5038 589.2211 567.1032
3 72 0.467242 99.1315 24.8049 498.9845 475.3369
1 0 0.858242 743.4785 249.8383 863.6715 549.7389
F 282 3
2 0 0.775776 477.3500 273.0177 588.2061 565.0459
3 72 0.563761 97.9948 25.1031 498.4356 476.2372
1 0 0.824174 745.3934 248.9493 866.0859 549.8382
F 283 3
2 0 0.827249 471.2523 269.9355 581.7511 561.3011
3 72 0.481942 98.6894 25.3451 498.6773 475.6905
1 0 0.820297 746.8846 249.8826 867.4224 549.9584
F 284 3
2 0 0.784259 470.9429 272.9699 580.7223 562.0257
3 72 0.493900 99.4270 25.1087 499.1591 475.1001
1 0 0.875315 750.3470 251.3723 870.6685 551.2822
F 285 3
2 0 0.838723 469.7020 275.3345 579.8738 565.0699
3 72 0.474437 100.4253 25.5738 500.5354 476.1610
1 0 0.885349 754.9214 252.9077 874.7992 551.2725
F 286 3
2 0 0.785457 467.7989 276.6577 577.5605 564.7952
3 72 0.531219 100.1259 25.3415 500.4968 476.2810
1 0 0.816718 756.2379 248.1967 877.4170 549.8214
F 287 3
2 0 0.799758 464.3200 275.2239 574.3047 563.8257
3 72 0.457253 100.3984 24.9834 499.8488 474.5868
1 0 0.836524 755.1649 248.3742 876.6334 551.4914
F 288 3
2 0 0.803709 464.3232 271.5176 574.9133 562.7408
3 72 0.510253 99.9033 24.9361 499.5681 474.8723
1 0 0.810338 761.4017 247.6107 881.7392 546.9973
F 289 3
2 0 0.799496 463.0801 274.3407 572.6211 562.7588
3 72 0.522979 99.7191 25.9530 499.8227 476.4638
1 0 0.835472 762.6336 250.0803 883.1708 549.7265
F 290 3
2 0 0.789463 457.9013 271.7394 567.9486 561.2766
3 72 0.455247 100.0577 26.9745 499.7673 476.9275
1 0 0.812571 766.9953 250.2966 887.4147 549.7912
F 291 3
2 0 0.796279 454.9859 272.6323 565.5825 564.3483
3 72 0.545605 100.2397 26.4386 499.9099 476.2621
1 0 0.863226 768.0162 249.2752 888.1923 548.4972
F 292 3
2 0 0.813336 453.6489 274.7644 564.6410 567.4783
3 72 0.512656 100.2889 25.0342 500.4734 475.1710
1 0 0.879862 770.8563 247.8078 892.3054 550.4465
F 293 3
2 0 0.783713 449.5930 274.2567 560.2366 564.9818
3 72 0.491354 100.9804 25.6600 500.5929 474.9369
1 0 0.816286 773.3568 247.5471 894.1821 548.6397
F 294 3
2 0 0.801637 447.4337 277.3533 557.2784 565.9453
3 72 0.485488 100.4456 24.2857 500.8860 474.5095
1 0 0.898872 774.5538 249.4552 895.3467 550.7761
F 295 3
2 0 0.812529 445.6786 276.1047 555.5371 565.0335
3 72 0.515973 100.1434 24.7488 501.1127 475.5991
1 0 0.832270 778.1171 247.6568 898.5331 548.3040
F 296 3
2 0 0.804253 445.0483 274.4412 555.4672 565.2183
3 72 0.523812 101.0076 25.3060 501.3023 475.2932
1 0 0.846115 779.3305 250.5641 899.6684 550.6837
F 297 3
2 0 0.794433 442.8730 273.3838 554.1922 566.4840
3 72 0.535957 100.8265 25.3372 501.2636 475.5162
1 0 0.850508 778.7043 250.7360 899.2033 550.8901
F 298 3
2 0 0.817127 441.9579 272.8719 551.8705 561.7805
3 72 0.535506 100.3933 25.3175 500.9801 475.6387
1 0 0.875589 785.3124 250.8016 905.7186 551.1931
F 299 3
2 0 0.786331 437.2518 273.8372 547.1445 563.1337
3 72 0.562239 100.7199 26.2980 500.8150 475.8643
1 0 0.885203 787.2889 249.6471 907.8655 551.2762
F 300 3
2 0 0.827662 435.5907 275.3487 544.8497 563.0291
3 72 0.480250 100.7171 25.9432 501.1278 475.6914
1 0 0.828195 786.9556 249.4715 907.4400 550.9041
F 301 3
2 0 0.757298 433.2262 275.6275 542.7477 563.3898
3 72 0.469807 99.9461 26.5738 500.4461 476.6671
1 0 0.900625 790.2248 249.4199 910.3192 550.4383
F 302 3
2 0 0.833105 431.6847 274.5757 542.2046 564.9152
3 72 0.587327 100.5874 25.6138 501.0853 475.7548
1 0 0.862590 794.2162 249.3353 914.0806 550.3968
F 303 3
2 0 0.780082 430.7366 273.1438 542.0742 565.5953
3 72 0.470556 100.2027 24.7992 500.5208 474.6398
1 0 0.872877 797.2812 249.4779 917.1014 550.1205
F 304 3
2 0 0.795204 427.0266 272.6205 537.6461 562.7369
3 72 0.507040 98.8216 25.7548 498.2297 474.2812
1 0 0.826815 801.8847 251.3670 921.4880 551.4101
F 305 3
2 0 0.792228 423.0107 274.6628 533.7473 565.8486
3 72 0.420217 99.1292 24.9001 498.5619 473.2374
1 0 0.829015 801.1857 251.6273 921.1096 552.3647
F 306 3
2 0 0.779977 420.7192 272.1246 531.6653 563.7870
3 72 0.517309 99.5809 25.1086 500.1383 474.6157
1 0 0.880474 805.1140 250.0216 924.9550 550.6423
F 307 3
2 0 0.805281 420.3402 273.8529 531.0378 565.1160
3 72 0.537262 99.8544 24.8546 500.3419 474.4365
1 0 0.809920 807.6880 250.3757 927.7176 551.6631
F 308 3
2 0 0.844831 419.1429 274.0741 529.4506 564.1049
3 72 0.494651 100.2113 25.3104 499.5315 473.5882
1 0 0.855618 810.3822 249.9210 930.1951 550.5847
F 309 3
2 0 0.855379 417.4128 273.2146 526.9930 562.1205
3 72 0.509362 100.2088 24.8057 500.3583 474.2933
1 0 0.837334 813.4484 251.3187 932.5488 550.2294
F 310 3
2 0 0.795031 416.2035 273.2678 525.3931 560.9692
3 72 0.495207 98.3461 23.8148 498.7377 473.7083
1 0 0.862779 814.5334 252.1294 933.2113 548.8938
F 311 3
2 0 0.788734 412.4034 274.1461 521.5901 561.6937
3 72 0.479462 98.2157 24.7329 498.8400 475.1415
1 0 0.787939 817.8622 248.5907 937.1632 547.2025
F 312 3
2 0 0.791542 407.9249 275.2194 516.8308 562.2548
3 72 0.483966 100.3819 25.8984 500.8134 476.1380
1 0 0.830986 819.0646 251.0550 938.7501 550.6976
F 313 3
2 0 0.788290 405.3831 276.0122 515.1517 564.6327
3 72 0.455614 101.1858 25.3638 501.8216 475.8493
1 0 0.814551 822.9141 249.6645 941.9598 547.5607
F 314 3
2 0 0.781245 406.0693 275.0037 515.5881 563.0107
3 72 0.474151 100.5798 23.5363 500.9832 474.1492
1 0 0.864119 826.1385 250.7403 944.8104 548.3278
F 315 3
2 0 0.759495 403.5605 273.8224 513.0038 560.8920
3 72 0.500943 98.9441 23.8534 499.6729 474.8150
1 0 0.839826 829.5348 250.3531 948.2929 548.5175
F 316 3
2 0 0.790340 399.3586 273.5322 510.6053 566.7120
3 72 0.492584 100.6370 25.3315 500.4608 475.5073
1 0 0.863533 832.1036 249.9947 950.6967 547.5833
F 317 3
2 0 0.797651 396.2169 274.6644 507.0847 566.1343
3 72 0.543122 100.0985 26.5920 499.9757 477.0254
1 0 0.826707 834.1470 254.2450 953.6902 554.0610
F 318 3
2 0 0.813671 394.1704 275.4372 505.5901 567.5184
3 72 0.426829 100.4215 25.7252 499.4407 475.0587
1 0 0.879994 834.4507 249.0214 955.0453 552.2091
F 319 3
2 0 0.776567 392.2463 273.9939 502.7243 563.8657
3 72 0.634076 100.7443 25.1661 500.0791 474.8076
1 0 0.868407 838.4920 249.8165 957.4962 550.3566
F 320 3
2 0 0.797149 387.5933 276.2965 498.2072 566.3702
3 72 0.474678 99.2579 24.6124 499.3431 475.1786
1 0 0.884219 839.8028 250.1217 959.1766 550.7130
F 321 3
2 0 0.805872 386.5577 277.6047 496.0573 565.1550
3 72 0.459094 100.7375 24.1806 500.6506 474.5328
1 0 0.804580 842.6227 251.6697 960.9932 549.9384
F 322 3
2 0 0.716012 384.9640 274.6735 495.7666 565.6863
3 72 0.485385 100.3253 25.2447 499.7905 474.8067
1 0 0.881624 846.0389 252.3381 963.7960 549.3226
F 323 3
2 0 0.798134 383.3260 274.9232 493.7695 564.7882
3 72 0.536494 100.1433 25.7764 500.3941 476.1531
1 0 0.838822 849.1569 249.3409 967.8398 549.0597
F 324 3
2 0 0.820734 381.6990 274.5299 492.0955 565.3685
3 72 0.519690 99.4856 25.5881 499.2379 475.3666
1 0 0.837110 849.3511 247.1734 968.6860 548.7545
F 325 3
2 0 0.793592 379.1567 276.7128 489.4908 568.5790
3 72 0.516159 100.1600 25.2620 499.4033 474.3730
1 0 0.828771 851.2017 249.2815 970.4745 550.2892
F 326 3
2 0 0.760193 377.1685 274.9557 487.5877 567.0697
3 72 0.546437 98.4536 26.1720 497.8432 475.4513
1 0 0.845234 852.8214 251.1847 972.6301 552.2610
F 327 3
2 0 0.801873 374.7614 273.5553 485.4029 566.6157
3 72 0.498399 99.0266 25.2975 498.7644 474.8819
1 0 0.835376 855.9200 250.0461 975.5228 550.8336
F 328 3
2 0 0.807549 372.5716 273.1153 481.7691 562.3354
3 72 0.482993 99.3945 24.8139 499.5694 474.9657
1 0 0.831534 860.7559 251.9362 980.2956 552.6976
F 329 3
2 0 0.751435 371.6275 272.8820 481.5109 563.5522
3 72 0.498355 99.9748 25.8684 499.6199 475.2994
1 0 0.875847 860.9146 251.3079 980.0413 550.5166
F 330 3
2 0 0.762633 370.3223 273.7327 479.7212 563.4724
3 72 0.475631 99.2447 27.0245 498.7624 476.3065
1 0 0.877333 865.8193 247.1013 985.6200 547.9232
F 331 3
2 0 0.804103 367.1327 274.8346 476.6459 563.7880
3 72 0.471423 99.1944 25.8083 499.5897 476.1400
1 0 0.846980 869.6373 248.4545 989.3751 548.8507
F 332 3
2 0 0.803432 362.7933 275.0715 472.6675 564.1173
3 72 0.527956 99.6645 24.8752 499.5728 474.7307
1 0 0.843883 870.6539 249.4288 990.0632 549.8959
F 333 3
2 0 0.811933 360.7110 274.1689 470.2355 561.3715
3 72 0.525401 98.9869 25.0482 498.7241 474.6949
1 0 0.873408 872.1714 251.5268 991.1875 550.7565
F 334 3
2 0 0.756387 360.1916 275.2503 469.4470 561.6765
3 72 0.545069 100.0246 24.6343 499.3889 473.9280
1 0 0.833096 873.9104 251.1248 993.7982 552.5303
F 335 3
2 0 0.780858 357.7019 277.1479 467.1146 564.1827
3 72 0.528644 100.8539 24.9399 500.2108 474.1326
1 0 0.814307 877.3364 249.9771 996.9336 550.4373
F 336 3
2 0 0.825446 356.9707 275.7418 467.7548 566.5630
3 72 0.467528 101.0512 26.0377 500.2190 475.0007
1 0 0.909138 880.4288 250.4407 1000.2869 552.1655
F 337 3
2 0 0.826747 353.4909 275.3202 463.5346 564.6782
3 72 0.508734 100.7150 25.3935 500.6486 475.1569
1 0 0.817260 883.9144 252.1871 1003.5068 553.8256
F 338 3
2 0 0.814898 349.2149 273.1349 460.3148 565.2541
3 72 0.403559 100.5256 24.9503 500.3614 474.7861
1 0 0.803624 886.5167 249.5419 1006.2955 552.1150
F 339 3
2 0 0.811234 349.4348 272.2686 460.3248 564.2351
3 72 0.466051 100.0079 25.9507 499.8149 475.5349
1 0 0.835092 890.3111 250.1042 1009.9913 551.8656
F 340 3
2 0 0.754464 348.6406 275.5493 458.1411 563.2984
3 72 0.584192 98.9696 24.9968 498.7896 474.4899
1 0 0.858823 891.5576 249.4465 1011.1868 551.2062
F 341 3
2 0 0.807719 345.5945 273.1013 456.3204 564.8749
3 72 0.460553 100.4391 25.2510 500.3763 474.6898
1 0 0.785752 892.8391 250.2677 1012.1515 550.5847
F 342 3
2 0 0.786645 343.2854 273.7189 453.1561 562.8979
3 72 0.439650 100.8324 24.3256 501.3627 474.7902
1 0 0.839632 896.6313 248.2057 1016.0658 548.4656
F 343 3
2 0 0.857042 338.8343 274.6091 449.4984 564.6512
3 72 0.459400 101.1432 26.0327 500.5550 474.9740
1 0 0.813384 899.5253 249.0380 1018.6006 547.8619
F 344 3
2 0 0.766386 339.4642 273.6786 450.3564 565.5922
3 72 0.578040 100.9762 25.4473 501.3640 475.7054
1 0 0.907489 900.8356 248.7510 1020.6091 548.9796
F 345 3
2 0 0.804150 337.2004 275.0336 447.7603 566.1741
3 72 0.480252 100.7845 24.8517 501.2022 474.9828
1 0 0.853929 903.5529 249.3454 1023.2612 549.3300
F 346 3
2 0 0.746635 332.6642 276.8472 442.8086 566.5027
3 72 0.471152 100.2281 23.9118 500.4589 473.7801
1 0 0.867943 907.3615 249.4817 1026.6852 549.3386
F 347 3
2 0 0.805995 330.6241 277.4880 441.1474 568.1315
3 72 0.589967 99.6512 24.5127 500.0002 474.6808
1 0 0.792184 908.4728 251.4507 1027.1364 549.8990
F 348 3
2 0 0.825214 329.9569 276.1790 440.5175 566.5674
3 72 0.531236 101.2581 25.8210 501.0757 475.4062
1 0 0.786679 912.6895 249.2997 1031.3363 547.1183
F 349 3
2 0 0.874266 324.5960 274.9308 435.7140 566.4403
3 72 0.565690 99.6452 24.7940 499.6378 474.5005
1 0 0.846683 911.6067 250.2790 1030.6851 549.1340
F 350 3
2 0 0.782156 324.1819 275.3184 434.3787 564.1218
3 72 0.429522 100.2184 25.1687 500.2014 474.9721
1 0 0.859163 915.0861 250.6663 1034.5466 550.4997
F 351 3
2 0 0.791155 323.8792 276.8556 433.9008 565.3073
3 72 0.607971 100.9258 25.0847 501.1823 475.2714
1 0 0.805656 919.9953 249.3987 1039.5621 549.1097
F 352 3
2 0 0.856755 320.7511 276.6631 431.2758 565.7993
3 72 0.457806 100.6733 24.9093 501.5938 476.0129
1 0 0.888530 919.5930 248.9977 1039.7625 550.7404
F 353 3
2 0 0.815838 318.7076 274.0303 429.2959 563.3954
3 72 0.574805 102.1285 24.5321 501.9902 474.4601
1 0 0.863107 922.5138 252.2985 1042.2676 552.8139
F 354 3
2 0 0.808609 316.7306 273.8497 428.1725 566.2631
3 72 0.504635 100.1707 24.5368 499.9987 474.5849
1 0 0.806748 922.7036 250.4339 1043.0979 552.0931
F 355 3
2 0 0.777235 313.8903 273.0966 424.4226 563.8034
3 72 0.495713 100.1756 23.7119 500.7678 474.4963
1 0 0.814869 928.4886 253.7493 1048.1075 552.9706
F 356 3
2 0 0.789216 314.2258 275.5319 424.6819 566.1917
3 72 0.514695 99.7352 24.5562 499.6830 474.6331
1 0 0.905054 930.1216 254.4635 1049.7977 553.1006
F 357 3
2 0 0.801293 311.1326 274.2487 421.4839 563.8546
3 72 0.524572 100.2020 25.8196 499.6337 475.2471
1 0 0.847452 933.1779 250.0286 1053.5277 550.6317
F 358 3
2 0 0.781735 309.1042 274.7384 419.0383 563.7582
3 72 0.506611 101.3164 25.3542 501.5180 475.5280
1 0 0.838624 935.7325 249.3096 1055.6953 548.9690
F 359 3
2 0 0.783724 303.9689 274.6487 414.3842 565.4462
3 72 0.556002 100.5055 24.8951 500.7159 475.0600
1 0 0.896858 935.6141 250.1022 1055.2343 548.4368
F 360 3
2 0 0.866397 303.3969 273.0424 413.6507 563.3846
3 72 0.515487 99.9957 25.2452 500.2337 475.5193
1 0 0.885117 939.5233 250.5392 1059.7335 551.2055
F 361 3
2 0 0.795489 302.8478 274.2815 412.6628 562.5690
3 72 0.496388 100.9798 25.9942 500.3999 475.3381
1 0 0.882778 941.9348 251.3725 1061.7046 551.2545
F 362 3
2 0 0.735996 297.1080 272.8647 407.9013 563.5958
3 72 0.534156 100.6613 24.1022 500.2515 473.5637
1 0 0.829745 947.2031 248.8004 1067.1169 548.9774
F 363 3
2 0 0.764876 297.1493 273.2122 407.3725 562.5015
3 72 0.480184 100.7910 24.6424 500.2310 473.8204
1 0 0.920342 949.4816 250.6117 1069.2567 550.8948
F 364 3
2 0 0.796022 296.1017 274.2395 406.2482 563.0933
3 72 0.532309 100.0735 26.0864 498.7451 474.5605
1 0 0.832732 952.7224 253.7894 1071.5841 552.6720
F 365 3
2 0 0.821152 293.2781 272.6813 403.7222 562.1012
3 72 0.569082 100.8849 24.9366 500.4882 474.5453
1 0 0.824920 956.7157 253.1494 1075.9940 552.2604
F 366 3
2 0 0.807016 291.2327 273.4142 401.5947 562.8126
3 72 0.630551 99.6961 22.7898 500.9803 474.4486
1 0 0.839716 955.5246 253.8257 1075.0938 553.2983
F 367 3
2 0 0.764048 286.7256 272.3497 396.9341 560.6586
3 72 0.522249 100.1834 23.7754 500.5737 474.3925
1 0 0.818970 957.8167 252.9812 1077.3486 552.5129
F 368 3
2 0 0.831490 287.4845 273.2331 397.7872 563.5273
3 72 0.534708 99.5684 25.1897 498.4625 473.8840
1 0 0.851617 962.9425 249.8777 1082.3853 548.9838
F 369 3
2 0 0.804761 281.9362 275.3693 391.2469 564.1659
3 72 0.572829 100.4974 24.5439 500.5347 474.7291
1 0 0.863375 960.8109 252.6140 1080.3077 551.6052
F 370 3
2 0 0.808249 280.8434 275.1416 389.3431 562.1378
3 72 0.565328 100.7464 23.7657 500.9254 474.1707
1 0 0.779276 961.2809 250.9891 1080.9601 550.4859
F 371 3
2 0 0.826761 277.8087 274.1488 387.5195 563.7054
3 72 0.459987 100.6095 25.0900 500.7303 475.3413
1 0 0.805135 965.7897 251.1305 1086.1050 551.7989
F 372 3
2 0 0.793336 276.9541 276.8961 386.3347 565.6870
3 72 0.560986 99.6157 24.8738 500.0561 475.4938
1 0 0.855191 969.0285 252.6369 1088.1937 549.9688
F 373 3
2 0 0.808229 274.1995 276.7674 383.5669 564.9354
3 72 0.483766 99.8191 25.8937 499.2894 475.2518
1 0 0.842985 970.7975 247.7671 1091.1547 547.8803
F 374 3
2 0 0.798555 271.3527 273.5172 381.4912 564.0178
3 72 0.535730 99.2960 26.7831 498.5537 475.8294
1 0 0.905580 972.7361 248.4608 1093.5176 550.2567
F 375 3
2 0 0.790199 268.6892 275.1804 378.0336 564.9164
3 72 0.511670 99.3536 26.5014 499.2662 476.2289
1 0 0.887545 977.0569 249.3385 1098.0427 551.8223
F 376 3
2 0 0.779599 266.5862 272.8889 376.4843 563.8083
3 72 0.531590 99.3598 25.5951 498.4398 474.4024
1 0 0.870709 981.0033 248.2841 1102.5184 551.6700
F 377 3
2 0 0.799794 266.1014 274.0240 375.7138 563.9851
3 72 0.473103 100.0974 24.9881 499.1253 473.4817
1 0 0.844507 983.5920 250.6344 1103.9343 551.0059
F 378 3
2 0 0.782020 263.9221 275.5626 373.8795 566.1434
3 72 0.489867 100.2551 25.5893 499.4507 474.0343
1 0 0.848220 985.7719 252.8609 1106.3107 554.6804
F 379 3
2 0 0.795451 258.6800 272.1540 368.7651 563.1705
3 72 0.565293 99.4172 24.9027 500.0102 475.0551
1 0 0.814966 988.1887 252.1957 1108.8066 554.0507
F 380 3
2 0 0.855090 257.4292 274.8926 367.1149 565.4604
3 72 0.483738 99.5769 25.3130 499.9347 475.4691
1 0 0.842679 989.5672 251.5925 1109.9945 552.2252
F 381 3
2 0 0.851379 255.7314 277.7538 364.7035 565.9698
3 72 0.524510 99.6543 26.2362 499.8974 476.3457
1 0 0.870898 992.0704 251.8252 1112.7615 552.9628
F 382 3
2 0 0.751218 254.5541 276.4958 363.9940 565.4299
3 72 0.438952 99.8304 25.0689 499.8212 474.6458
1 0 0.865629 993.2664 252.5636 1113.9637 552.9559
F 383 3
2 0 0.853303 252.3605 275.3274 362.1881 564.8228
3 72 0.504527 100.0300 24.7585 499.7813 474.1383
1 0 0.844489 996.6956 250.3875 1116.8704 549.2498
F 384 3
2 0 0.816857 250.5913 275.5756 360.0832 563.6809
3 72 0.542633 99.7845 23.9343 500.4567 474.2899
1 0 0.837525 998.9497 251.6730 1119.2959 549.9664
F 385 3
2 0 0.741484 248.0478 275.0735 358.1521 564.3230
3 72 0.434915 99.7207 23.8742 500.1204 474.0511
1 0 0.805311 1001.0933 248.9583 1122.5209 550.1361
F 386 3
2 0 0.758425 243.4164 274.5378 353.9444 566.7375
3 72 0.477505 100.6668 26.1830 500.2737 475.5512
1 0 0.860122 1003.1230 247.3035 1124.6016 549.0861
F 387 3
2 0 0.809527 242.4106 272.5150 352.5410 564.0695
3 72 0.542695 99.4876 25.3902 498.9839 474.7807
1 0 0.889503 1007.1573 247.8592 1127.8998 548.3092
F 388 3
2 0 0.834732 240.6275 273.3199 350.8753 565.0292
3 72 0.416342 99.5445 24.3297 499.9662 474.8118
1 0 0.895269 1009.7342 249.3665 1130.3026 549.9094
F 389 3
2 0 0.813636 237.1954 271.5120 346.8607 561.8173
3 72 0.422635 99.4623 24.4301 500.4883 475.6719
1 0 0.844709 1010.2560 251.0786 1130.9167 551.2307
F 390 3
2 0 0.806555 237.6138 273.5141 346.7184 561.5468
3 72 0.521898 100.3988 24.1193 500.3537 473.8235
1 0 0.966867 1014.7471 251.0084 1136.1149 552.3795
F 391 3
2 0 0.777863 234.8575 274.8693 344.1957 562.6843
3 72 0.396380 99.9167 23.5038 501.3365 475.1401
1 0 0.836104 1018.0106 250.8014 1138.3405 550.1083
F 392 3
2 0 0.778899 231.9775 277.5567 341.8741 565.9557
3 72 0.560984 99.6508 24.8520 500.6512 476.1411
1 0 0.868869 1021.4064 250.8807 1141.7642 549.8067
F 393 3
2 0 0.791163 227.4880 277.2946 337.9592 567.1921
3 72 0.571210 101.4087 26.1152 500.9885 475.7234
1 0 0.781158 1019.3066 250.6146 1139.3784 548.0242
F 394 3
2 0 0.822261 227.0718 278.5254 336.7756 566.6073
3 72 0.500028 101.4911 25.2087 501.0730 474.8462
1 0 0.885937 1022.6035 250.4467 1143.3138 549.5586
F 395 3
2 0 0.774703 227.5219 277.7710 337.4406 565.5219
3 72 0.587533 100.6713 23.7987 500.4018 473.4799
1 0 0.845860 1026.5087 247.4466 1147.9371 547.9633
F 396 3
2 0 0.829785 224.3855 276.8515 334.6714 564.4323
3 72 0.512384 98.7272 23.9767 499.2958 474.6472
1 0 0.821908 1029.5847 251.1964 1150.1956 550.0446
F 397 3
2 0 0.787595 220.2405 277.1683 331.0927 566.6608
3 72 0.551071 98.5625 24.0614 498.9498 474.2325
1 0 0.788424 1031.6381 248.0526 1152.6251 548.2389
F 398 3
2 0 0.822781 219.4078 277.1581 329.6472 566.5304
3 72 0.517020 99.4007 23.7831 500.3438 474.6210
1 0 0.819987 1034.6534 250.9984 1155.9198 551.0373
F 399 3
2 0 0.786885 217.8526 276.4055 327.3961 564.2032
3 72 0.474539 99.3452 25.2820 499.5012 475.3417
1 0 0.854998 1037.3492 248.9725 1159.0779 550.9048
F 400 3
2 0 0.790065 212.9001 276.0141 323.1229 565.2623
3 72 0.476765 99.2932 24.6823 500.3770 475.9348
1 0 0.876298 1041.2126 249.9368 1162.1638 550.2507
